# Chi-squared: 257.3648143
8 1.724456793
9 1.359288966
10 1.09545811
11 0.8989364465
12 0.7486539266
13 0.631258833
14 0.5378864726
15 0.4624746064
16 0.4007578588
17 0.3496639367
18 0.3069337171
19 0.2708759708
20 0.2402044082
21 0.2139267869
22 0.1912677961
23 0.1716144594
24 0.1544769131
25 0.1394598813
26 0.1262416715
27 0.1145584865
28 0.104192515
29 0.09496274018
30 0.08671775481
31 0.07933010665
32 0.0726918465
33 0.0667110324
34 0.06130898533
35 0.05641811836
36 0.05198018801
37 0.04794485061
38 0.04426844391
39 0.04091294892
40 0.03784511171
41 0.03503571511
42 0.03245898938
43 0.03009214242
44 0.02791498247
45 0.02590960406
46 0.02406011219
47 0.02235237023
48 0.020773767
49 0.01931300708
50 0.01795993095
51 0.01670536924
52 0.01554103005
53 0.01445941242
54 0.01345373544
55 0.01251787273
56 0.01164628545
57 0.01083395232
58 0.01007630049
59 0.009369143392
60 0.008708631699
61 0.008091219715
62 0.007513645317
63 0.006972917743
64 0.006466306318
65 0.005991324844
66 0.005545710124
67 0.005127397279
68 0.004734497309
69 0.004365282715
70 0.004018184857
71 0.003691803147
72 0.003384922875
73 0.003096536815
74 0.002825866414
75 0.0025723806
76 0.002335812619
77 0.002116175924
78 0.001913777966
79 0.001729225861
80 0.00156341212
81 0.001417464558
82 0.001292644807
83 0.001190186247
84 0.001111074385
85 0.001055788429
86 0.001024038078
87 0.001014539934
88 0.001024879686
89 0.001051497745
90 0.00108981807
91 0.001134516119
92 0.001179897219
93 0.001220336641
94 0.001250721794
95 0.001266837258
96 0.001265644625
97 0.00124542818
98 0.001205800122
99 0.001147580309
100 0.001072581549
101 0.0009833398364
102 0.0008828294193
103 0.0007741964433
104 0.0006605347816
105 0.0005447163428
106 0.0004292780304
107 0.0003163599916
108 0.0002076856267
109 0.0001045726173
110 7.964710233e-06
111 -8.152427957e-05
112 -0.0001635602895
113 -0.0002380376376
114 -0.0003050301382
115 -0.0003647457841
116 -0.0004174877562
117 -0.000463622735
118 -0.0005035536626
119 -0.0005377013593
120 -0.0005664903826
121 -0.000590336024
122 -0.0006096422569
123 -0.0006247917224
124 -0.0006361446849
125 -0.0006440421162
126 -0.0006487918826
127 -0.0006506888995
128 -0.0006499952519
129 -0.0006469545864
130 -0.0006417967852
131 -0.0006347136975
132 -0.0006259089284
133 -0.000615532753
134 -0.0006037571218
135 -0.0005907070906
136 -0.0005765169785
137 -0.0005612978664
138 -0.0005451501412
139 -0.0005281714582
140 -0.0005104401793
141 -0.0004920357104
142 -0.0004730246239
143 -0.0004534684469
144 -0.0004334218793
145 -0.0004129407179
146 -0.0003920554533
147 -0.0003708381713
148 -0.0003492753893
149 -0.0003274788561
150 -0.0003053736751
151 -0.0002831248727
152 -0.0002605935939
153 -0.0002379905811
154 -0.0002151374491
155 -0.0001922526727
156 -0.0001691748207
157 -0.0001460611624
158 -0.0001228556089
