# Chi-squared: 256.8157409
8 1.724987599
9 1.359667038
10 1.095751837
11 0.8991768286
12 0.7488578321
13 0.6314363909
14 0.5380452173
15 0.4626207058
16 0.4008959979
17 0.3497969474
18 0.3070626745
19 0.2710008548
20 0.2403249669
21 0.2140431564
22 0.1913806473
23 0.1717247424
24 0.1545854533
25 0.1395670822
26 0.1263474607
27 0.114662486
28 0.1042943118
29 0.09506211164
30 0.08681475522
31 0.07942500449
32 0.0727849711
33 0.06680261673
34 0.06139907566
35 0.05650657911
36 0.05206678492
37 0.0480293648
38 0.04435076347
39 0.04099310191
40 0.03792323463
41 0.03511198035
42 0.03253352928
43 0.0301650034
44 0.0279861242
45 0.02597893665
46 0.02412755008
47 0.02241787766
48 0.02083737756
49 0.01937481282
50 0.0180200491
51 0.01676390272
52 0.01559803847
53 0.01451490435
54 0.0135076834
55 0.01257024287
56 0.01169706859
57 0.01088318314
58 0.01012405729
59 0.009415529304
60 0.008753746144
61 0.00813513253
62 0.007556384252
63 0.007014473574
64 0.006506651903
65 0.006030438483
66 0.005583591971
67 0.005164070788
68 0.004769994205
69 0.00439961686
70 0.00405132465
71 0.003723651859
72 0.00341531183
73 0.003125229733
74 0.002852567891
75 0.002596740431
76 0.00235742152
77 0.002134555932
78 0.001928379001
79 0.001739444822
80 0.001568649176
81 0.001417222387
82 0.001286662374
83 0.001178583575
84 0.001094473829
85 0.001035375454
86 0.001001532478
87 0.000992065697
88 0.001004744259
89 0.00103591344
90 0.001080613829
91 0.001132892472
92 0.001186269672
93 0.001234294902
94 0.001271108705
95 0.001291928011
96 0.001293389217
97 0.001273711775
98 0.001232678043
99 0.001171455033
100 0.001092304802
101 0.0009982392677
102 0.0008926726331
103 0.0007791129692
104 0.0006609183803
105 0.0005411268622
106 0.0004223559697
107 0.0003067602303
108 0.0001960311635
109 9.142562196e-05
110 -6.189199387e-06
111 -9.628244299e-05
112 -0.0001786030321
113 -0.000253123755
114 -0.0003199890314
115 -0.000379467288
116 -0.0004319106254
117 -0.0004777230722
118 -0.0005173345146
119 -0.0005511839743
120 -0.0005797078431
121 -0.0006033288629
122 -0.0006224551817
123 -0.0006374718519
124 -0.0006487394427
125 -0.000656597732
126 -0.0006613523911
127 -0.0006632944226
128 -0.000662682663
129 -0.0006597563415
130 -0.0006547426008
131 -0.0006478299338
132 -0.0006392198731
133 -0.0006290604322
134 -0.0006175205576
135 -0.0006047245915
136 -0.0005908011145
137 -0.000575863911
138 -0.0005600041486
139 -0.0005433269154
140 -0.0005258982867
141 -0.0005078084735
142 -0.0004891104201
143 -0.0004698763215
144 -0.0004501491679
145 -0.000429991699
146 -0.0004094284056
147 -0.0003885322286
148 -0.0003672915511
149 -0.0003458121035
150 -0.00032402776
151 -0.0003020919853
152 -0.0002798780272
153 -0.0002575832948
154 -0.0002350407886
155 -0.0002124577822
156 -0.0001896829057
157 -0.0001668621126
158 -0.0001439532662
