# Chi-squared: 284.2694464
50 0.009256502701
51 0.00865155226
52 0.00808943291
53 0.00756616526
54 0.007078785631
55 0.006624447585
56 0.006200617657
57 0.005804996261
58 0.005435512808
59 0.005090305299
60 0.004767706737
61 0.004466232156
62 0.004184567331
63 0.003921558428
64 0.003676202306
65 0.003447637083
66 0.003235132628
67 0.003038080644
68 0.002855984032
69 0.002688445284
70 0.002535153687
71 0.002395871189
72 0.002270416857
73 0.002158649949
74 0.002060451713
75 0.001975706137
76 0.001904279983
77 0.00184600253
78 0.001800645565
79 0.001767904219
80 0.001747379317
81 0.001738561937
82 0.001740820858
83 0.001753393571
84 0.001775381403
85 0.001805749246
86 0.001843330188
87 0.001886835211
88 0.001934867895
89 0.001985943874
90 0.002038514587
91 0.00209099466
92 0.002141792068
93 0.002189340121
94 0.00223213015
95 0.00226874378
96 0.002297883615
97 0.002318401245
98 0.002329321568
99 0.002329862567
100 0.002319449866
101 0.002297725612
102 0.002264551453
103 0.002220005602
104 0.002164374254
105 0.002098137786
106 0.002021952388
107 0.001936627882
108 0.00184310263
109 0.001742416537
110 0.001635683018
111 0.001524060844
112 0.001408726944
113 0.001290850863
114 0.001171571079
115 0.001051974447
116 0.0009330791662
117 0.00081581986
118 0.0007010370443
119 0.000589471073
120 0.0004817558293
121 0.0003784187828
122 0.0002798846148
123 0.0001864734465
124 9.841243713e-05
125 1.584192089e-05
126 -6.118447534e-05
127 -0.000132674558
128 -0.0001987060633
129 -0.0002594095411
130 -0.0003149471712
131 -0.0003655396697
132 -0.0004114062106
133 -0.0004528088697
134 -0.0004900164096
135 -0.0005232856099
136 -0.0005529232818
137 -0.0005791623662
138 -0.0006023151701
139 -0.0006226039257
140 -0.0006403019507
141 -0.0006556452142
142 -0.0006688343654
143 -0.0006801317895
144 -0.0006896574257
145 -0.0006976922665
146 -0.0007042914013
147 -0.0007097325173
148 -0.0007140331626
149 -0.000717443964
150 -0.0007199706462
151 -0.0007218205172
152 -0.0007230043913
153 -0.0007236801476
154 -0.0007238718632
155 -0.0007236880508
156 -0.0007231719177
157 -0.0007223792076
158 -0.0007213878913
159 -0.0007201790461
160 -0.0007189082994
161 -0.0007174219886
162 -0.000716043959
163 -0.0007143689806
164 -0.0007130396545
165 -0.0007112263789
166 -0.000710078026
167 -0.0007081685448
168 -0.0007072752305
169 -0.0007053624322
170 -0.0007046752678
171 -0.0007029817677
172 -0.0007022634104
173 -0.000701184333
174 -0.0007000292697
175 -0.0007000265995
176 -0.0006980896489
177 -0.0006993381231
178 -0.0006968009781
179 -0.0006986849614
180 -0.000696678266
181 -0.000697630085
182 -0.0006979492977
183 -0.0006963348675
184 -0.0006999297594
185 -0.0006960093525
186 -0.0007010158254
187 -0.0006982473939
188 -0.000700123993
189 -0.0007029857538
190 -0.000698822933
191 -0.0007071065527
192 -0.0007010774436
193 -0.0007069881949
194 -0.0007085000789
195 -0.0007042884871
196 -0.000715703288
197 -0.0007069440188
198 -0.0007144657173
