# Chi-squared: 280.8724014
50 0.008851784159
51 0.008331015139
52 0.007845045293
53 0.007391147427
54 0.006966725122
55 0.006569445715
56 0.006197177527
57 0.005847982494
58 0.005520098008
59 0.005211924852
60 0.00492201658
61 0.004649071221
62 0.004391924805
63 0.004149546505
64 0.003921035082
65 0.003705616289
66 0.003502640832
67 0.003311582406
68 0.003132035288
69 0.002963710898
70 0.002806432715
71 0.002660128927
72 0.00252482223
73 0.002400616269
74 0.002287678344
75 0.002186218205
76 0.00209646299
77 0.00201862866
78 0.001952888609
79 0.001899340441
80 0.001857972252
81 0.001828630009
82 0.001810987824
83 0.001804523022
84 0.00180849786
85 0.00182194959
86 0.001843690241
87 0.001872317033
88 0.001906233792
89 0.001943683063
90 0.001982787974
91 0.002021602242
92 0.002058166125
93 0.002090565687
94 0.002116992462
95 0.002135800482
96 0.002145557783
97 0.002145089769
98 0.002133512351
99 0.002110253334
100 0.002075061289
101 0.002028001833
102 0.001969441992
103 0.001900023921
104 0.001820629805
105 0.001732340084
106 0.001636387385
107 0.001534108588
108 0.001426897321
109 0.001316158826
110 0.00120326905
111 0.001089539297
112 0.0009761869269
113 0.0008643129089
114 0.0007548865794
115 0.000648736094
116 0.0005465450613
117 0.0004488554932
118 0.0003560726122
119 0.0002684746439
120 0.0001862266394
121 0.000109389938
122 3.793989271e-05
123 -2.821981399e-05
124 -8.924948162e-05
125 -0.0001453492177
126 -0.0001967591011
127 -0.0002437427408
128 -0.0002865721052
129 -0.0003255404245
130 -0.0003609233424
131 -0.0003930108095
132 -0.0004220716852
133 -0.0004483665241
134 -0.0004721532078
135 -0.0004936497341
136 -0.0005130988553
137 -0.0005306730515
138 -0.0005465977049
139 -0.0005610004956
140 -0.0005740905625
141 -0.0005859536201
142 -0.0005967828679
143 -0.0006066311159
144 -0.0006156685347
145 -0.0006239344327
146 -0.0006315583173
147 -0.0006385951969
148 -0.0006451083994
149 -0.0006512019746
150 -0.0006568469047
151 -0.0006622248214
152 -0.0006671974785
153 -0.0006720367165
154 -0.0006764997782
155 -0.0006809316608
156 -0.0006850267397
157 -0.0006891400214
158 -0.0006929980362
159 -0.0006968425124
160 -0.0007005888781
161 -0.0007041837248
162 -0.0007079346533
163 -0.0007112849043
164 -0.0007151327596
165 -0.0007182540012
166 -0.0007222461834
167 -0.0007251876172
168 -0.0007293149507
169 -0.0007321614395
170 -0.000736374959
171 -0.0007392178627
172 -0.0007434672177
173 -0.0007463765203
174 -0.0007506103646
175 -0.000753686533
176 -0.0007577431168
177 -0.0007612735643
178 -0.0007647327375
179 -0.0007692473494
180 -0.000771583833
181 -0.0007774032413
182 -0.0007787604485
183 -0.0007850259179
184 -0.0007870879731
185 -0.0007914390028
186 -0.0007967318283
187 -0.0007973109618
188 -0.0008060555816
189 -0.0008050085658
190 -0.0008126335173
191 -0.0008160110638
192 -0.0008169191748
193 -0.0008274265256
194 -0.0008237654342
195 -0.000834012447
