# Chi-squared: 280.7469633
50 0.008852722342
51 0.008331262484
52 0.007844714386
53 0.007390337427
54 0.006965519419
55 0.006567911918
56 0.006195366397
57 0.005845926823
58 0.005517811198
59 0.005209399339
60 0.004919222163
61 0.00464595344
62 0.004388403537
63 0.004145514993
64 0.003916359655
65 0.003700137076
66 0.003496173766
67 0.003303922863
68 0.003122963641
69 0.002953000233
70 0.002793858846
71 0.002645482717
72 0.002507924041
73 0.002381332145
74 0.002265937306
75 0.002162029787
76 0.002069933933
77 0.001989977494
78 0.001922456759
79 0.001867598497
80 0.00182552014
81 0.001796190057
82 0.001779390106
83 0.001774682811
84 0.001781385626
85 0.001798554569
86 0.00182497919
87 0.001859190303
88 0.001899481254
89 0.001943942609
90 0.001990509338
91 0.00203701865
92 0.002081275836
93 0.002121124891
94 0.002154520198
95 0.002179595452
96 0.002194726086
97 0.002198581857
98 0.002190166884
99 0.002168845227
100 0.002134351036
101 0.002086783262
102 0.002026585832
103 0.001954515034
104 0.001871596472
105 0.0017790744
106 0.001678356449
107 0.00157095681
108 0.00145844065
109 0.001342372159
110 0.001224268302
111 0.00110555976
112 0.0009875595436
113 0.0008714399526
114 0.0007582180588
115 0.0006487479356
116 0.0005437198089
117 0.0004436660545
118 0.0003489692736
119 0.0002598752815
120 0.000176510095
121 9.889211954e-05
122 2.695216984e-05
123 -3.945003294e-05
124 -0.000100517012
125 -0.0001564880359
126 -0.0002076384769
127 -0.0002542636277
128 -0.000296662236
129 -0.0003351508926
130 -0.0003700243597
131 -0.0004015877662
132 -0.000430123314
133 -0.0004558997743
134 -0.0004791839162
135 -0.0005001974661
136 -0.0005191877326
137 -0.0005363295243
138 -0.0005518480314
139 -0.0005658743092
140 -0.0005786127168
141 -0.0005901542491
142 -0.0006006840499
143 -0.0006102613574
144 -0.0006190471755
145 -0.0006270867658
146 -0.0006345015674
147 -0.0006413505434
148 -0.0006476915361
149 -0.0006536298308
150 -0.0006591338588
151 -0.000664384106
152 -0.0006692419542
153 -0.000673976923
154 -0.0006783466632
155 -0.0006826940491
156 -0.0006867136786
157 -0.0006907586535
158 -0.0006945571609
159 -0.0006983450202
160 -0.0007020485273
161 -0.0007055922167
162 -0.0007093205217
163 -0.0007126173518
164 -0.0007164681181
165 -0.0007195266202
166 -0.0007235504397
167 -0.0007264186475
168 -0.0007306005483
169 -0.0007333753703
170 -0.0007376445529
171 -0.0007404467958
172 -0.0007447155167
173 -0.0007476537424
174 -0.0007518350299
175 -0.0007550303775
176 -0.0007589626201
177 -0.0007626699038
178 -0.000765996733
179 -0.0007706506414
180 -0.0007729554687
181 -0.0007787716671
182 -0.000780268451
183 -0.0007863735011
184 -0.0007886869783
185 -0.0007928504283
186 -0.0007983267383
187 -0.0007988809438
188 -0.0008075905293
189 -0.0008067513194
190 -0.000814159993
191 -0.0008178383939
192 -0.0008185672547
193 -0.0008292144477
194 -0.0008256733918
195 -0.0008355970359
