# Chi-squared: 1867.117149
50 0.0193586311
51 0.01755111131
52 0.01589672694
53 0.01438234292
54 0.01299583186
55 0.01172637713
56 0.01056420825
57 0.009500515287
58 0.008527333171
59 0.007637450488
60 0.006824325961
61 0.006082015287
62 0.00540510608
63 0.004788660208
64 0.004228162549
65 0.003719475468
66 0.003258798323
67 0.002842631461
68 0.002467744204
69 0.002131146396
70 0.00183006314
71 0.001561912405
72 0.001324285206
73 0.001114928118
74 0.000931727888
75 0.0007726979493
76 0.0006359666674
77 0.0005197671437
78 0.000422428437
79 0.0003423680653
80 0.0002780856621
81 0.0002281576704
82 0.0001912329629
83 0.0001660292844
84 0.0001513304165
85 0.0001459839681
86 0.0001488997018
87 0.0001590483068
88 0.0001754605355
89 0.000197226624
90 0.000223495919
91 0.0002534766413
92 0.0002864357174
93 0.0003216986185
94 0.0003586491502
95 0.0003967291422
96 0.0004354379946
97 0.0004743320417
98 0.0005130237028
99 0.000551180396
100 0.000588523199
101 0.0006248252449
102 0.0006599098453
103 0.0006936483478
104 0.0007259577499
105 0.0007567980629
106 0.000786169423
107 0.0008141090453
108 0.0008406880539
109 0.0008660080351
110 0.0008901975099
111 0.0009134086419
112 0.0009358135154
113 0.0009576002345
114 0.0009789701763
115 0.001000134181
116 0.001021308204
117 0.001042712424
118 0.001064566573
119 0.001087085489
120 0.001110482404
121 0.001134959273
122 0.001160707222
123 0.001187912949
124 0.001216737178
125 0.001247337543
126 0.001279853873
127 0.001314394604
128 0.001351083983
129 0.001389985424
130 0.001431183289
131 0.001474730768
132 0.001520636505
133 0.001568969815
134 0.001619662458
135 0.001672779354
136 0.001728225395
137 0.001786003118
138 0.0018460585
139 0.001908282123
140 0.001972699543
141 0.002039084758
142 0.002107532078
143 0.002177739265
144 0.00224982543
145 0.002323469418
146 0.002398770461
147 0.002475431156
148 0.002553511066
149 0.002632747027
150 0.002713171936
151 0.002794536339
152 0.002876882467
153 0.002959940492
154 0.003043796013
155 0.003128143987
156 0.003213103781
157 0.003298391561
158 0.003384043852
159 0.003470000525
160 0.003555908301
161 0.003642364487
162 0.003728055077
163 0.003814941193
164 0.003899933836
165 0.003987217444
166 0.004071129999
167 0.004158656104
168 0.004241410171
169 0.004328660669
170 0.00441071478
171 0.004496629566
172 0.004579020449
173 0.004662164051
174 0.004746053875
175 0.004825367662
176 0.004911032999
177 0.004986943521
178 0.005072798637
179 0.005147760936
180 0.005230515855
181 0.005307956956
182 0.005384568852
183 0.005466267802
184 0.005536737723
185 0.005620496435
186 0.005689045801
187 0.005769174413
188 0.005841892625
189 0.005913216606
190 0.005992985528
191 0.00605609116
192 0.00613824594
193 0.006201753409
194 0.006274843274
195 0.006351660301
