# Chi-squared: 1868.768222
50 0.01923953745
51 0.0174496551
52 0.01580987683
53 0.01430701729
54 0.0129294173
55 0.01166655656
56 0.01050896394
57 0.009448093089
58 0.008476220036
59 0.007586352085
60 0.006772147251
61 0.006027843002
62 0.005348193036
63 0.004728411157
64 0.004164121354
65 0.003651313389
66 0.003186303219
67 0.002765697734
68 0.002386363327
69 0.002045397887
70 0.001740105872
71 0.001467976146
72 0.001226662319
73 0.001013965362
74 0.0008278182822
75 0.0006662726878
76 0.0005274870809
77 0.0004097167257
78 0.0003113049679
79 0.0002306758775
80 0.0001663281038
81 0.0001168298303
82 8.081472778e-05
83 5.697880223e-05
84 4.407803974e-05
85 4.092675057e-05
86 4.639651673e-05
87 5.941564888e-05
88 7.896905997e-05
89 0.000104098465
90 0.0001339028191
91 0.0001675389083
92 0.0002042220131
93 0.0002432265677
94 0.0002838867439
95 0.0003255968961
96 0.0003678118081
97 0.0004100466933
98 0.0004518769041
99 0.0004929373184
100 0.0005329213795
101 0.0005715797728
102 0.0006087187309
103 0.0006441979666
104 0.0006779282555
105 0.0007098686859
106 0.0007400235713
107 0.0007684390744
108 0.0007951996506
109 0.0008204242547
110 0.000844262262
111 0.0008668894827
112 0.0008885042016
113 0.0009093226549
114 0.0009295750341
115 0.00094950212
116 0.000969350298
117 0.0009893681549
118 0.00100980462
119 0.001030902585
120 0.001052897957
121 0.001076019137
122 0.001100477391
123 0.001126473811
124 0.001154193446
125 0.001183796843
126 0.001215438711
127 0.001249240665
128 0.001285311835
129 0.001323746963
130 0.001364599198
131 0.001407937634
132 0.00145377027
133 0.001502124822
134 0.001552989274
135 0.001606332041
136 0.001662142549
137 0.001720323573
138 0.001780875646
139 0.001843641861
140 0.001908634519
141 0.001975650486
142 0.002044708215
143 0.002115578548
144 0.002188271794
145 0.002262563001
146 0.002338427707
147 0.002415687171
148 0.002494243564
149 0.002574014653
150 0.002654784808
151 0.002736617941
152 0.002819141814
153 0.002902601178
154 0.002986451674
155 0.00307111665
156 0.003155915209
157 0.00324137534
158 0.003326809245
159 0.003412653103
160 0.003498493011
161 0.003584295937
162 0.003670405565
163 0.003755729751
164 0.00384204993
165 0.003926479826
166 0.004012962544
167 0.004096197774
168 0.004182679123
169 0.004264678169
170 0.004350722343
171 0.004431834978
172 0.004516646505
173 0.00459760574
174 0.004680157721
175 0.004761792807
176 0.004841263764
177 0.00492392959
178 0.005000329596
179 0.005083314987
180 0.005157906341
181 0.005239302066
182 0.00531432649
183 0.0053917516
184 0.005469248575
185 0.005541395196
186 0.005621451103
187 0.00568977963
188 0.005769235743
189 0.00583839928
190 0.00591180941
191 0.005986856664
192 0.006051248024
193 0.006131421714
194 0.006192496942
195 0.006267206738
196 0.006339403565
