# Chi-squared: 1641.20878
50 0.0220985406
51 0.02127513854
52 0.0204926936
53 0.01974837399
54 0.01903963985
55 0.01836415645
56 0.0177197764
57 0.01710451674
58 0.0165165497
59 0.01595419789
60 0.01541592989
61 0.01490035169
62 0.01440619236
63 0.01393228512
64 0.01347754761
65 0.0130409654
66 0.0126215817
67 0.01221849357
68 0.01183085244
69 0.01145786489
70 0.01109878993
71 0.01075293015
72 0.01041961703
73 0.01009819253
74 0.009787990368
75 0.009488319516
76 0.009198451006
77 0.008917606847
78 0.00864494896
79 0.008379566794
80 0.008120464975
81 0.007866556154
82 0.007616667478
83 0.007369570351
84 0.007124041015
85 0.006878953854
86 0.006633401188
87 0.006386824667
88 0.00613913658
89 0.005890806747
90 0.005642893298
91 0.005397003614
92 0.005155183367
93 0.004919744546
94 0.00469305458
95 0.004477315739
96 0.004274365307
97 0.004085522653
98 0.00391150031
99 0.00375238485
100 0.003607682139
101 0.00347641271
102 0.003357237941
103 0.003248596796
104 0.003148835587
105 0.003056318186
106 0.002969509957
107 0.002887033999
108 0.002807702245
109 0.002730526218
110 0.002654712876
111 0.00257965056
112 0.002504889171
113 0.00243011747
114 0.002355139447
115 0.00227985151
116 0.002204221328
117 0.002128268757
118 0.002052050287
119 0.001975646303
120 0.001899150683
121 0.001822664682
122 0.001746291063
123 0.001670130141
124 0.00159427932
125 0.001518828182
126 0.001443860155
127 0.001369451378
128 0.001295667172
129 0.001222569536
130 0.001150207847
131 0.001078628599
132 0.001007870814
133 0.0009379646444
134 0.0008689421733
135 0.0008008190245
136 0.0007336199066
137 0.0006673500945
138 0.0006020255866
139 0.0005376454207
140 0.0004742173861
141 0.0004117364183
142 0.0003502040387
143 0.0002896118196
144 0.0002299562537
145 0.0001712272788
146 0.0001134152835
147 5.651306779e-05
148 5.01137139e-07
149 -5.461799056e-05
150 -0.0001088794222
151 -0.0001622638929
152 -0.0002148276067
153 -0.0002665302878
154 -0.000317450488
155 -0.0003675293073
156 -0.0004168590349
157 -0.0004653771357
158 -0.000513164409
159 -0.0005601900292
160 -0.0006064749315
161 -0.0006520813286
162 -0.0006968970288
163 -0.0007411599851
164 -0.000784539161
165 -0.000827528168
166 -0.0008695137696
167 -0.0009112771819
168 -0.0009519345221
169 -0.0009924861156
170 -0.001031909739
171 -0.001071229126
172 -0.001109535168
173 -0.001147588805
174 -0.001184890976
175 -0.001221663755
176 -0.001258047865
177 -0.001293563353
178 -0.001329077817
179 -0.001363403596
180 -0.00139804872
181 -0.001431324977
182 -0.001464995419
183 -0.00149750567
184 -0.001529928438
185 -0.00156207585
186 -0.001592969646
187 -0.001624918501
188 -0.001654509722
189 -0.001685644468
190 -0.001714991577
191 -0.001744116817
192 -0.001774208232
193 -0.001801128517
194 -0.001831055971
195 -0.001857980992
