# Chi-squared: 1588.649022
50 0.02298917532
51 0.02198157802
52 0.02103289871
53 0.02013864609
54 0.0192945972
55 0.01849696194
56 0.017742324
57 0.01702760328
58 0.01634998828
59 0.01570686887
60 0.0150957843
61 0.01451439921
62 0.01396050814
63 0.01343205869
64 0.01292717683
65 0.0124441793
66 0.01198156533
67 0.01153799046
68 0.01111223433
69 0.01070317799
70 0.01030980328
71 0.009931219088
72 0.009566709859
73 0.009215795092
74 0.00887828778
75 0.008554344243
76 0.008244505253
77 0.007949733947
78 0.007671455795
79 0.007411598082
80 0.007172612839
81 0.006957453033
82 0.006769463822
83 0.006612154586
84 0.006488835713
85 0.006402134703
86 0.006353442065
87 0.00634236931
88 0.006366319186
89 0.006420265203
90 0.006496811744
91 0.006586561626
92 0.006678764268
93 0.006762166415
94 0.006825950345
95 0.006860629607
96 0.006858782381
97 0.006815534021
98 0.006728745935
99 0.006598916673
100 0.006428843118
101 0.006223117524
102 0.005987546668
103 0.005728573483
104 0.005452763639
105 0.005166395645
106 0.004875169291
107 0.004584027955
108 0.004297077705
109 0.004017580767
110 0.003748000985
111 0.003490081609
112 0.003244940537
113 0.003013172988
114 0.002794952914
115 0.002590127894
116 0.002398305852
117 0.002218927416
118 0.002051324742
119 0.001894771033
120 0.001748511214
121 0.001611788314
122 0.001483864775
123 0.00136402414
124 0.001251592403
125 0.001145934426
126 0.001046452811
127 0.0009526106606
128 0.0008638926271
129 0.0007798472748
130 0.0007000496286
131 0.0006241069488
132 0.0005516864028
133 0.0004824405875
134 0.0004161138765
135 0.000352410538
136 0.0002911265736
137 0.0002320262021
138 0.0001749371497
139 0.0001196780694
140 6.61031995e-05
141 1.406934044e-05
142 -3.654011383e-05
143 -8.584274167e-05
144 -0.0001339309342
145 -0.0001808937907
146 -0.0002268220719
147 -0.0002717557057
148 -0.0003158211643
149 -0.0003589769283
150 -0.000401424327
151 -0.0004430105381
152 -0.0004840357064
153 -0.0005242292109
154 -0.0005639789883
155 -0.0006029384701
156 -0.0006415135445
157 -0.0006793945392
158 -0.0007168565435
159 -0.0007538169918
160 -0.0007902008135
161 -0.0008263873436
162 -0.0008617223386
163 -0.0008972431558
164 -0.0009315844988
165 -0.0009664879203
166 -0.0009999394211
167 -0.001034225829
168 -0.001066915021
169 -0.001100599569
170 -0.001132594325
171 -0.001165782488
172 -0.001197036435
173 -0.001229881682
174 -0.001260380299
175 -0.001292789051
176 -0.001322938404
177 -0.001354176445
178 -0.001385023191
179 -0.001413880972
180 -0.001446393533
181 -0.001472524623
182 -0.001505874766
183 -0.001531464695
184 -0.001562214978
185 -0.001591268831
186 -0.001616125584
187 -0.001649971696
188 -0.001670882944
189 -0.001704355951
190 -0.001728886287
191 -0.001754560911
192 -0.001787470421
193 -0.00180540348
