# Chi-squared: 1585.858574
50 0.02309242929
51 0.02208665807
52 0.02113954882
53 0.02024662413
54 0.01940362943
55 0.01860676157
56 0.01785261862
57 0.01713817553
58 0.01646070594
59 0.01581769311
60 0.01520675213
61 0.01462558722
62 0.01407199224
63 0.0135438851
64 0.01303935431
65 0.01255669274
66 0.01209440144
67 0.01165116097
68 0.01122578247
69 0.01081716013
70 0.01042424704
71 0.0100460671
72 0.009681761964
73 0.009330659129
74 0.008992341484
75 0.008666702148
76 0.008353979481
77 0.008054779894
78 0.007770103771
79 0.007501387114
80 0.00725055776
81 0.007020084137
82 0.006812974829
83 0.006632677749
84 0.006482835284
85 0.006366878015
86 0.006287479704
87 0.006245940358
88 0.006241599794
89 0.006271399937
90 0.006329703201
91 0.006408436945
92 0.006497577374
93 0.006585923152
94 0.006662054031
95 0.006715335595
96 0.00673682507
97 0.00671995536
98 0.006660918689
99 0.00655872637
100 0.006414974759
101 0.00623338863
102 0.006019235219
103 0.005778703961
104 0.005518331633
105 0.005244527076
106 0.004963221227
107 0.004679643513
108 0.004398208373
109 0.004122487076
110 0.003855239073
111 0.003598480679
112 0.003353574028
113 0.003121325223
114 0.002902084665
115 0.002695843096
116 0.002502320224
117 0.002321044052
118 0.002151414853
119 0.001992756623
120 0.001844357911
121 0.001705494835
122 0.001575452833
123 0.001453540888
124 0.001339092347
125 0.001231483846
126 0.001130128126
127 0.001034478394
128 0.0009440414661
129 0.0008583474521
130 0.0007769858084
131 0.0006995654366
132 0.0006257331438
133 0.0005551774494
134 0.0004875871907
135 0.0004227228193
136 0.0003603159302
137 0.0003001822155
138 0.0002420996224
139 0.0001859216435
140 0.0001314684854
141 7.862137059e-05
142 2.723405972e-05
143 -2.2788689e-05
144 -7.156418439e-05
145 -0.0001191723179
146 -0.000165696805
147 -0.0002112219848
148 -0.0002557831525
149 -0.0002994983053
150 -0.0003423318275
151 -0.0003844642816
152 -0.0004257673574
153 -0.0004665010504
154 -0.0005064397918
155 -0.00054591322
156 -0.0005846342414
157 -0.0006229424066
158 -0.0006605914794
159 -0.0006977900848
160 -0.0007345263238
161 -0.0007706339596
162 -0.000806625544
163 -0.0008416333708
164 -0.0008770312553
165 -0.0009109379565
166 -0.0009458355126
167 -0.0009787077742
168 -0.001013098005
169 -0.001045124684
170 -0.001078877508
171 -0.001110366435
172 -0.001143259118
173 -0.001174553998
174 -0.001206360396
175 -0.00123772421
176 -0.001268303932
177 -0.001299854302
178 -0.001329179182
179 -0.00136087319
180 -0.001389076612
181 -0.001420572751
182 -0.001448218325
183 -0.001478544963
184 -0.001506924843
185 -0.00153454982
186 -0.001565046263
187 -0.00158936806
188 -0.00162129631
189 -0.001644926684
190 -0.001674129764
191 -0.001702136712
192 -0.001724631379
193 -0.001758077312
194 -0.001777557003
195 -0.001807703227
