# Chi-squared: 294.3403525
51 0.02158270331
52 0.02042142538
53 0.01933472699
54 0.0183164759
55 0.01736162918
56 0.0164654869
57 0.01562382577
58 0.01483280949
59 0.01408896433
60 0.01338914302
61 0.01273049647
62 0.0121104473
63 0.01152666603
64 0.01097704917
65 0.01045969893
66 0.009972904034
67 0.009515121497
68 0.009084959007
69 0.008681157787
70 0.00830257575
71 0.007948170871
72 0.007616984726
73 0.007308126223
74 0.007020755559
75 0.006754068538
76 0.00650728138
77 0.006279616231
78 0.00607028757
79 0.005878489773
80 0.005703386089
81 0.005544099266
82 0.005399704093
83 0.005269222062
84 0.005151618336
85 0.005045801175
86 0.004950623873
87 0.004864889243
88 0.004787356584
89 0.004716750981
90 0.004651774761
91 0.00459112079
92 0.004533487289
93 0.00447759375
94 0.004422197519
95 0.004366110555
96 0.004308215878
97 0.004247483228
98 0.004182983451
99 0.004113901198
100 0.004039545547
101 0.003959358242
102 0.00387291932
103 0.003779949964
104 0.003680312529
105 0.003574007759
106 0.003461169314
107 0.003342055805
108 0.003217040591
109 0.003086599643
110 0.002951297875
111 0.00281177437
112 0.002668726801
113 0.002522895497
114 0.002375047775
115 0.002225962659
116 0.00207641605
117 0.001927167538
118 0.00177894861
119 0.001632451201
120 0.001488319265
121 0.001347142507
122 0.001209448564
123 0.001075700939
124 0.0009462983787
125 0.0008215687016
126 0.0007017759257
127 0.0005871208253
128 0.0004777353967
129 0.0003737041062
130 0.0002750504664
131 0.0001817469338
132 9.373944476e-05
133 1.090758826e-05
134 -6.6871129e-05
135 -0.0001397636327
136 -0.0002079694836
137 -0.000271657827
138 -0.0003310937085
139 -0.0003864455546
140 -0.0004379897404
141 -0.0004859342188
142 -0.0005304917365
143 -0.0005719559148
144 -0.0006104240025
145 -0.0006462870343
146 -0.0006795264469
147 -0.0007105942068
148 -0.0007394047729
149 -0.0007664003225
150 -0.0007915031661
151 -0.0008150661934
152 -0.000837094487
153 -0.0008577848189
154 -0.0008772823541
155 -0.000895585586
156 -0.0009130103515
157 -0.0009293457115
158 -0.0009450748844
159 -0.0009598063262
160 -0.0009741394118
161 -0.0009875908007
162 -0.001000748982
163 -0.001013222807
164 -0.001025345551
165 -0.001037140788
166 -0.001048286653
167 -0.00105970418
168 -0.001069871722
169 -0.001081186686
170 -0.001090378871
171 -0.001101757189
172 -0.001110105334
173 -0.001121464387
174 -0.0011293842
175 -0.001140264829
176 -0.001148529073
177 -0.001158143757
178 -0.001167672131
179 -0.001175327522
180 -0.001186558126
181 -0.001192443535
182 -0.001204526206
183 -0.001210332099
184 -0.001220975039
185 -0.001229323687
186 -0.001236251421
187 -0.001248415824
188 -0.001252099949
189 -0.001265547383
190 -0.001270436566
191 -0.001279754894
192 -0.00129069468
193 -0.001293486088
194 -0.001308948719
195 -0.001311086089
196 -0.001322121543
197 -0.001332719546
198 -0.001333883072
199 -0.001351436098
200 -0.001352324696
