# Chi-squared: 93.38160723
50 0.008656898681
51 0.00795453958
52 0.007312439184
53 0.006725594665
54 0.006189242661
55 0.005699200838
56 0.005251713123
57 0.004843418405
58 0.004471298652
59 0.004132638189
60 0.003824986312
61 0.003546124242
62 0.003294035638
63 0.003066880319
64 0.002862970842
65 0.00268075164
66 0.002518780462
67 0.002375711898
68 0.002250282815
69 0.002141299521
70 0.002047626551
71 0.001968176944
72 0.001901903909
73 0.001847793803
74 0.001804860338
75 0.001772139938
76 0.001748688189
77 0.00173357731
78 0.001725894582
79 0.001724741657
80 0.001729234698
81 0.00173850525
82 0.001751701786
83 0.001767991837
84 0.001786564617
85 0.001806634061
86 0.001827442176
87 0.001848262623
88 0.00186840441
89 0.001887215634
90 0.001904087149
91 0.001918456083
92 0.001929809118
93 0.001937685449
94 0.001941679355
95 0.001941442306
96 0.001936684566
97 0.001927176238
98 0.001912747724
99 0.001893289573
100 0.001868751725
101 0.001839142125
102 0.00180452475
103 0.001765017073
104 0.001720786993
105 0.001672049236
106 0.001619061373
107 0.001562119523
108 0.001501553584
109 0.001437722275
110 0.001371008349
111 0.001301813264
112 0.001230551648
113 0.001157647139
114 0.001083526854
115 0.001008615581
116 0.0009333340164
117 0.0008580920838
118 0.0007832839333
119 0.000709291032
120 0.0006364694285
121 0.0005651529025
122 0.0004956568637
123 0.000428255154
124 0.0003632096433
125 0.0003007439911
126 0.0002410442738
127 0.0001842953122
128 0.000130606913
129 8.01102658e-05
130 3.286926999e-05
131 -1.106642654e-05
132 -5.164878918e-05
133 -8.891689842e-05
134 -0.0001228336502
135 -0.0001535084041
136 -0.0001809225455
137 -0.0002052368563
138 -0.0002264465068
139 -0.0002447611818
140 -0.0002601717579
141 -0.0002729379245
142 -0.000283038772
143 -0.0002907619197
144 -0.0002961018325
145 -0.0002993140242
146 -0.0003004737865
147 -0.0002997152034
148 -0.0002972792724
149 -0.0002930870266
150 -0.0002876172632
151 -0.0002805193619
152 -0.0002725324019
153 -0.0002630454905
154 -0.0002529950008
155 -0.0002416226397
156 -0.000229891507
157 -0.0002171150914
158 -0.000204023881
159 -0.0001902811002
160 -0.0001761155132
161 -0.0001617639672
162 -0.0001468171112
163 -0.0001320976429
164 -0.0001166956376
165 -0.0001017433407
166 -8.619130852e-05
167 -7.115932412e-05
168 -5.555999195e-05
169 -4.085407643e-05
170 -2.488579116e-05
171 -1.130594374e-05
172 5.712073707e-06
173 1.733990357e-05
174 3.568847737e-05
175 4.562096882e-05
176 6.388576436e-05
177 7.457127029e-05
178 8.921160217e-05
179 0.0001044950966
180 0.0001122104209
181 0.0001334557307
182 0.0001358545164
183 0.0001578502526
184 0.0001631795045
185 0.000176352088
186 0.000192754455
187 0.0001932999149
188 0.000218207511
189 0.0002153110709
190 0.0002349006356
191 0.0002433408989
192 0.0002461662638
193 0.0002713586882
