# Chi-squared: 126.2881462
50 0.005108192633
51 0.004832261953
52 0.004574190045
53 0.00433258355
54 0.004106139891
55 0.003893684417
56 0.003694145544
57 0.003506548693
58 0.003330007011
59 0.003163714551
60 0.003006940241
61 0.002859022913
62 0.002719367167
63 0.002587439966
64 0.002462767817
65 0.002344934402
66 0.002233578479
67 0.002128391891
68 0.002029117481
69 0.001935546708
70 0.001847516767
71 0.001764907
72 0.001687634411
73 0.001615648153
74 0.001548922857
75 0.001487450783
76 0.001431232835
77 0.001380268563
78 0.001334545396
79 0.001294027443
80 0.00125864429
81 0.001228280302
82 0.001202764989
83 0.001181865036
84 0.001165278547
85 0.001152632026
86 0.001143480495
87 0.001137311019
88 0.001133549725
89 0.001131572215
90 0.00113071706
91 0.001130301871
92 0.001129641266
93 0.001128065923
94 0.001124941796
95 0.001119688576
96 0.001111796472
97 0.00110084051
98 0.001086491645
99 0.001068524222
100 0.001046819478
101 0.001021365036
102 0.0009922505521
103 0.0009596598628
104 0.0009238601811
105 0.0008851889692
106 0.0008440392244
107 0.0008008439382
108 0.0007560604627
109 0.0007101554227
110 0.0006635907854
111 0.0006168115778
112 0.0005702354568
113 0.0005242443937
114 0.0004791787177
115 0.0004353330726
116 0.0003929543355
117 0.0003522418275
118 0.0003133483033
119 0.0002763823897
120 0.0002414129958
121 0.0002084721444
122 0.0001775602628
123 0.0001486518031
124 0.0001216968465
125 9.662974943e-05
126 7.337016837e-05
127 5.18261263e-05
128 3.190353963e-05
129 1.349770353e-05
130 -3.490768787e-06
131 -1.916474074e-05
132 -3.36263933e-05
133 -4.696632404e-05
134 -5.928593398e-05
135 -7.066195574e-05
136 -8.1187421e-05
137 -9.09304008e-05
138 -9.996758134e-05
139 -0.0001083639248
140 -0.0001161764212
141 -0.0001234683331
142 -0.0001302793557
143 -0.0001366687965
144 -0.0001426641037
145 -0.0001483183093
146 -0.0001536500509
147 -0.000158707018
148 -0.0001634983135
149 -0.0001680714923
150 -0.0001724213877
151 -0.0001766033925
152 -0.0001805918792
153 -0.0001844571558
154 -0.0001881502
155 -0.0001917564942
156 -0.0001952112606
157 -0.0001985997167
158 -0.0002018700795
159 -0.000205064255
160 -0.0002082058854
161 -0.0002112112475
162 -0.0002142838425
163 -0.0002170914047
164 -0.0002201534806
165 -0.0002227528821
166 -0.0002258442453
167 -0.0002282494917
168 -0.0002313621771
169 -0.0002336429679
170 -0.0002366963764
171 -0.0002389911648
172 -0.0002418399196
173 -0.0002443232811
174 -0.000246818902
175 -0.0002496152094
176 -0.0002517090228
177 -0.0002547909227
178 -0.0002566155961
179 -0.0002597639134
180 -0.0002616203263
181 -0.0002644952381
182 -0.0002667332767
183 -0.0002690275874
184 -0.0002718750831
185 -0.0002734978359
186 -0.0002768627477
187 -0.0002781515791
188 -0.0002814230092
189 -0.0002832491341
190 -0.0002854251758
191 -0.0002886733285
192 -0.0002893584418
193 -0.0002935575135
194 -0.0002943374322
195 -0.0002967803539
