# Chi-squared: 50.48890319
50 0.1470954578
51 0.136650777
52 0.1269938015
53 0.1180555938
54 0.1097734388
55 0.1020901257
56 0.09495339435
57 0.08831544389
58 0.08213254295
59 0.07636473459
60 0.07097563648
61 0.06593233097
62 0.0612053414
63 0.05676869669
64 0.05260009156
65 0.04868115574
66 0.04499784473
67 0.0415409556
68 0.03830675417
69 0.03529767385
70 0.03252301593
71 0.02999954613
72 0.02775184836
73 0.02581226735
74 0.02422025399
75 0.02302093083
76 0.02226272114
77 0.02199396917
78 0.02225859526
79 0.02309097773
80 0.02451042682
81 0.02651577801
82 0.0290807493
83 0.03215074544
84 0.03564172737
85 0.03944158969
86 0.04341421858
87 0.04740607014
88 0.05125478677
89 0.05479906086
90 0.05788876067
91 0.06039430389
92 0.06221435241
93 0.06328112023
94 0.06356289319
95 0.06306369995
96 0.06182039472
97 0.059897668
98 0.05738166238
99 0.05437292566
100 0.05097938562
101 0.04730991872
102 0.04346893326
103 0.0395521908
104 0.0356439332
105 0.03181525501
106 0.02812355266
107 0.02461283945
108 0.02131471544
109 0.01824973417
110 0.01542899346
111 0.01285583277
112 0.01052740205
113 0.008436166619
114 0.006571244864
115 0.004919405199
116 0.003466122357
117 0.002196138272
118 0.001094080901
119 0.0001449648831
120 -0.0006658856457
121 -0.001351982336
122 -0.001926462507
123 -0.002401099898
124 -0.002786915473
125 -0.003094178193
126 -0.003331657448
127 -0.003508185116
128 -0.003630633044
129 -0.003706455767
130 -0.003740738545
131 -0.003740234815
132 -0.003707737803
133 -0.003650303726
134 -0.003568124889
135 -0.00346873839
136 -0.003350646652
137 -0.003220727154
138 -0.003077529957
139 -0.002926094905
140 -0.002765823883
141 -0.002600266096
142 -0.002428689698
143 -0.002255028555
144 -0.002076407534
145 -0.001899198802
146 -0.001717097194
147 -0.00153926886
148 -0.001357100702
149 -0.001180248061
150 -0.001000848522
151 -0.0008266476917
152 -0.0006508643788
153 -0.0004827738191
154 -0.0003083990794
155 -0.0001522011255
156 2.505862206e-05
157 0.0001638127382
158 0.0003456653486
159 0.0004676886146
160 0.0006471596756
161 0.0007624725022
162 0.0009276485686
163 0.001043736867
164 0.001194045438
165 0.001302580081
166 0.001452522085
167 0.001539735511
168 0.001694290001
169 0.001773607354
170 0.00190067163
171 0.002018064848
172 0.002077334452
173 0.002250203342
174 0.002259834443
175 0.002445022476
176 0.00245178195
177 0.002621448962
178 0.002629983531
179 0.002783291007
180 0.002821493195
181 0.002882569362
182 0.003055787694
183 0.002946695406
184 0.00323758501
