# Chi-squared: 1674.961171
8 -0.02018266894
9 -0.01196771815
10 -0.006515385421
11 -0.002793643809
12 -0.0002001243354
13 0.001634044975
14 0.002943495173
15 0.003882369027
16 0.004554721516
17 0.005032453261
18 0.005366256382
19 0.005592501233
20 0.005737684751
21 0.005821371542
22 0.005858179066
23 0.005859142632
24 0.005832669717
25 0.00578521726
26 0.005721778953
27 0.005646240203
28 0.005561639655
29 0.005470363879
30 0.005374293689
31 0.005274915081
32 0.005173404025
33 0.005070691763
34 0.004967515436
35 0.00486445759
36 0.004761977183
37 0.00466043406
38 0.00456010836
39 0.004461215986
40 0.004363920976
41 0.004268345453
42 0.004174577636
43 0.004082678326
44 0.003992686164
45 0.003904621908
46 0.003818491923
47 0.003734291028
48 0.003652004821
49 0.003571611596
50 0.003493083902
51 0.003416389829
52 0.003341494062
53 0.003268358747
54 0.003196944196
55 0.00312720947
56 0.003059112855
57 0.002992612246
58 0.002927665459
59 0.00286423049
60 0.002802265713
61 0.002741730048
62 0.002682583085
63 0.002624785184
64 0.002568297552
65 0.0025130823
66 0.002459102482
67 0.002406322122
68 0.002354706234
69 0.002304220822
70 0.002254832887
71 0.002206510417
72 0.002159222379
73 0.002112938703
74 0.002067630265
75 0.002023268869
76 0.001979827223
77 0.001937278919
78 0.001895598411
79 0.001854760987
80 0.001814742747
81 0.001775520583
82 0.001737072146
83 0.001699375832
84 0.001662410753
85 0.001626156713
86 0.001590594192
87 0.001555704316
88 0.001521468841
89 0.001487870131
90 0.001454891138
91 0.001422515378
92 0.001390726919
93 0.001359510357
94 0.0013288508
95 0.00129873385
96 0.001269145585
97 0.001240072544
98 0.001211501709
99 0.001183420491
100 0.001155816711
101 0.001128678592
102 0.001101994737
103 0.001075754117
104 0.001049946062
105 0.001024560241
106 0.0009995866518
107 0.0009750156089
108 0.0009508377305
109 0.0009270439266
110 0.0009036253879
111 0.0008805735742
112 0.000857880204
113 0.0008355372443
114 0.0008135369
115 0.0007918716055
116 0.0007705340146
117 0.0007495169915
118 0.0007288136047
119 0.0007084171152
120 0.0006883209722
121 0.0006685188063
122 0.0006490044169
123 0.0006297717755
124 0.0006108150093
125 0.0005921284017
126 0.0005737063889
127 0.0005555435413
128 0.0005376345835
129 0.0005199743558
130 0.0005025578484
131 0.0004853801595
132 0.000468436522
133 0.0004517222845
134 0.0004352328965
135 0.0004189639577
136 0.0004029111043
137 0.0003870701898
138 0.0003714370145
139 0.0003560076767
140 0.0003407781373
141 0.0003257447101
142 0.0003109035348
143 0.0002962510958
144 0.0002817837393
145 0.0002674980772
146 0.0002533906783
147 0.0002394582598
148 0.0002256976054
149 0.000212105541
150 0.0001986790345
151 0.0001854150425
152 0.0001723106773
153 0.0001593630457
154 0.0001465693832
155 0.0001339269303
156 0.0001214330814
157 0.0001090851207
158 9.688070416e-05
