# Chi-squared: 1673.067804
8 -0.01787806042
9 -0.01029295016
10 -0.005272446105
11 -0.001857378251
12 0.0005123373781
13 0.002179369596
14 0.003361570844
15 0.004201954966
16 0.00479698992
17 0.005213275267
18 0.005497719981
19 0.005683943468
20 0.005796408783
21 0.005853154292
22 0.005867636747
23 0.005849998007
24 0.00580795022
25 0.005747403729
26 0.005672918582
27 0.005588033223
28 0.005495506515
29 0.005397497773
30 0.005295701977
31 0.0051914522
32 0.005085797835
33 0.004979564772
34 0.004873402012
35 0.004767818
36 0.004663209113
37 0.004559882108
38 0.004458071909
39 0.004357955756
40 0.004259664504
41 0.004163291699
42 0.004068900862
43 0.003976531385
44 0.003886203294
45 0.003797921115
46 0.00371167702
47 0.003627453385
48 0.003545224876
49 0.003464960157
50 0.003386623278
51 0.003310174813
52 0.003235572788
53 0.003162773437
54 0.003091731819
55 0.00302240232
56 0.00295473906
57 0.002888696214
58 0.002824228282
59 0.002761290296
60 0.002699837983
61 0.002639827893
62 0.002581217503
63 0.002523965282
64 0.002468030754
65 0.002413374526
66 0.002359958312
67 0.002307744951
68 0.002256698399
69 0.002206783732
70 0.00215796713
71 0.002110215863
72 0.002063498269
73 0.002017783736
74 0.001973042671
75 0.001929246479
76 0.00188636753
77 0.001844379137
78 0.001803255521
79 0.001762971785
80 0.001723503885
81 0.001684828601
82 0.00164692351
83 0.001609766952
84 0.001573338014
85 0.001537616491
86 0.001502582869
87 0.001468218295
88 0.001434504557
89 0.001401424053
90 0.001368959777
91 0.001337095289
92 0.001305814698
93 0.001275102642
94 0.001244944264
95 0.001215325198
96 0.001186231546
97 0.001157649864
98 0.001129567142
99 0.00110197079
100 0.001074848622
101 0.001048188839
102 0.001021980017
103 0.0009962110917
104 0.0009708713449
105 0.0009459503931
106 0.0009214381741
107 0.0008973249355
108 0.0008736012238
109 0.0008502578727
110 0.0008272859935
111 0.0008046769648
112 0.0007824224228
113 0.0007605142522
114 0.0007389445775
115 0.0007177057544
116 0.0006967903614
117 0.0006761911925
118 0.0006559012494
119 0.0006359137342
120 0.0006162220428
121 0.0005968197579
122 0.0005777006428
123 0.0005588586354
124 0.0005402878419
125 0.0005219825314
126 0.0005039371306
127 0.0004861462183
128 0.0004686045202
129 0.0004513069047
130 0.0004342483774
131 0.0004174240775
132 0.0004008292726
133 0.0003844593552
134 0.0003683098385
135 0.0003523763524
136 0.0003366546401
137 0.0003211405541
138 0.0003058300532
139 0.000290719199
140 0.0002758041525
141 0.0002610811716
142 0.0002465466073
143 0.0002321969018
144 0.0002180285848
145 0.0002040382716
146 0.00019022266
147 0.0001765785282
148 0.0001631027321
149 0.0001497922035
150 0.000136643947
151 0.0001236550388
152 0.000110822624
153 9.814391495e-05
