# Chi-squared: 1675.336586
8 -0.0237231928
9 -0.01457932137
10 -0.008480725761
11 -0.004294575324
12 -0.001358120135
13 0.0007349714713
14 0.002243602476
15 0.003338145209
16 0.004133820675
17 0.004710398839
18 0.005124236294
19 0.005415857063
20 0.005614854415
21 0.005743135216
22 0.005817112267
23 0.00584921349
24 0.005848938314
25 0.005823608372
26 0.005778908291
27 0.005719280177
28 0.005648214665
29 0.005568467906
30 0.005482224909
31 0.005391223579
32 0.005296849687
33 0.005200210135
34 0.005102189868
35 0.005003496376
36 0.004904694691
37 0.004806235076
38 0.004708475034
39 0.004611696894
40 0.004516121918
41 0.004421921671
42 0.004329227216
43 0.004238136578
44 0.004148720816
45 0.00406102899
46 0.003975092223
47 0.003890927033
48 0.003808538079
49 0.00372792042
50 0.00364906138
51 0.003571942089
52 0.003496538761
53 0.003422823744
54 0.0033507664
55 0.003280333823
56 0.003211491441
57 0.003144203507
58 0.00307843351
59 0.00301414451
60 0.002951299413
61 0.002889861197
62 0.002829793093
63 0.002771058734
64 0.002713622271
65 0.002657448471
66 0.002602502779
67 0.002548751384
68 0.002496161248
69 0.002444700143
70 0.002394336661
71 0.002345040227
72 0.002296781098
73 0.002249530363
74 0.002203259932
75 0.002157942522
76 0.002113551647
77 0.002070061597
78 0.002027447422
79 0.001985684911
80 0.001944750571
81 0.00190462161
82 0.001865275915
83 0.001826692031
84 0.001788849148
85 0.001751727074
86 0.001715306227
87 0.001679567614
88 0.001644492816
89 0.001610063976
90 0.001576263785
91 0.00154307547
92 0.001510482782
93 0.001478469987
94 0.001447021854
95 0.001416123645
96 0.001385761106
97 0.001355920458
98 0.001326588383
99 0.00129775202
100 0.001269398948
101 0.00124151718
102 0.001214095148
103 0.00118712169
104 0.00116058604
105 0.001134477815
106 0.001108786995
107 0.001083503914
108 0.001058619245
109 0.00103412398
110 0.001010009421
111 0.0009862671596
112 0.0009628890626
113 0.0009398672591
114 0.0009171941242
115 0.0008948622649
116 0.0008728645068
117 0.0008511938812
118 0.000829843613
119 0.0008088071088
120 0.0007880779484
121 0.0007676498728
122 0.000747516777
123 0.0007276727035
124 0.0007081118323
125 0.0006888284775
126 0.0006698170831
127 0.000651072212
128 0.0006325885524
129 0.0006143609054
130 0.0005963841827
131 0.0005786534178
132 0.0005611637356
133 0.0005439103854
134 0.0005268887126
135 0.000510094159
136 0.0004935222967
137 0.0004771687509
138 0.0004610293063
139 0.0004450997866
140 0.0004293761543
141 0.0004138544588
142 0.0003985308039
143 0.0003834014819
144 0.0003684627199
145 0.0003537110444
146 0.000339142814
147 0.0003247547561
148 0.0003105433877
149 0.0002965055903
150 0.0002826380722
151 0.0002689378219
152 0.0002554017665
153 0.0002420269626
154 0.0002288105736
155 0.0002157496972
156 0.0002028417361
157 0.0001900838191
158 0.000177473573
159 0.0001650081691
160 0.000152685417
161 0.0001405025766
162 0.000128457554
163 0.0001165478043
164 0.0001047711623
