# Chi-squared: 8618.061143
8 3.360325713
9 3.148769023
10 2.851843088
11 2.540101371
12 2.24226224
13 1.969971345
14 1.726758274
15 1.512283022
16 1.324513579
17 1.16077058
18 1.018252002
19 0.8942809698
20 0.7864139508
21 0.6924767131
22 0.6105641254
23 0.5390228156
24 0.4764266092
25 0.4215500402
26 0.3733425982
27 0.3309049549
28 0.2934676543
29 0.2603723572
30 0.2310555287
31 0.2050343625
32 0.1818947082
33 0.1612807608
34 0.1428862809
35 0.1264471377
36 0.1117349915
37 0.09855194891
38 0.08672604796
39 0.07610744858
40 0.06656522007
41 0.05798463405
42 0.05026488357
43 0.04331716196
44 0.03706304396
45 0.03143312146
46 0.02636585296
47 0.02180659309
48 0.0177067731
49 0.01402320826
50 0.01071751167
51 0.007755597092
52 0.00510725593
53 0.002745795069
54 0.0006477242309
55 -0.001207517106
56 -0.00283780236
57 -0.004258538287
58 -0.005482870649
59 -0.006521881838
60 -0.007384786435
61 -0.008079129806
62 -0.008610993852
63 -0.008985214262
64 -0.009205610414
65 -0.009275228634
66 -0.009196598373
67 -0.008971999218
68 -0.008603735135
69 -0.008094410886
70 -0.007447204252
71 -0.006666126648
72 -0.005756264374
73 -0.004723990183
74 -0.003577136616
75 -0.00232512311
76 -0.0009790291365
77 0.0004483927116
78 0.001942767963
79 0.003488217802
80 0.005067542314
81 0.00666246601
82 0.008253939185
83 0.009822488856
84 0.01134860587
85 0.01281315497
86 0.01419779387
87 0.01548538616
88 0.01666039288
89 0.01770922804
90 0.01862056501
91 0.0193855825
92 0.01999814222
93 0.0204548902
94 0.02075527978
95 0.02090151743
96 0.02089843464
97 0.02075329257
98 0.02047552787
99 0.02007645037
100 0.01956890574
101 0.01896691514
102 0.01828530364
103 0.0175393327
104 0.01674434699
105 0.01591544015
106 0.0150671639
107 0.01421327049
108 0.01336648686
109 0.01253837016
110 0.01173916552
111 0.01097772571
112 0.01026152482
113 0.009596575902
114 0.008987568656
115 0.008437871025
116 0.007949607857
117 0.007523898721
118 0.007160686728
119 0.006859334817
120 0.006618137911
121 0.006435077502
122 0.006307507079
123 0.006232309491
124 0.006206428383
125 0.006226131945
126 0.006288197931
127 0.006388623993
128 0.006524544018
129 0.006691414393
130 0.006887538333
131 0.007107549136
132 0.007350993327
133 0.00761243459
134 0.007891581446
135 0.008184180815
136 0.008489258984
137 0.008803936774
138 0.009127099253
139 0.009456040804
140 0.009790937048
141 0.01012791728
142 0.01046904379
143 0.01080961603
144 0.01115212771
145 0.01149303228
146 0.01183328679
147 0.0121714491
148 0.01250758828
149 0.01283955005
150 0.01317125244
