# Chi-squared: 211.3056991
51 -0.017994671
52 -0.01703756067
53 -0.01614036505
54 -0.01529845859
55 -0.01450764482
56 -0.01376411036
57 -0.0130643838
58 -0.01240530007
59 -0.01178396889
60 -0.01119774695
61 -0.01064421328
62 -0.01012114745
63 -0.009626510201
64 -0.009158426167
65 -0.008715168522
66 -0.008295145235
67 -0.007896886771
68 -0.007519035075
69 -0.007160333669
70 -0.006819618755
71 -0.006495811191
72 -0.006187909259
73 -0.005894982125
74 -0.005616163927
75 -0.005350648418
76 -0.005097684107
77 -0.004856569849
78 -0.004626650836
79 -0.004407314952
80 -0.004197989452
81 -0.003998137944
82 -0.00380725763
83 -0.003624876792
84 -0.003450552507
85 -0.003283868547
86 -0.003124433476
87 -0.002971878906
88 -0.0028258579
89 -0.002686043522
90 -0.002552127503
91 -0.002423819027
92 -0.002300843611
93 -0.002182942089
94 -0.002069869673
95 -0.001961395086
96 -0.001857299774
97 -0.001757377166
98 -0.001661432
99 -0.001569279684
100 -0.001480745713
101 -0.001395665114
102 -0.001313881929
103 -0.001235248725
104 -0.00115962613
105 -0.001086882396
106 -0.001016892979
107 -0.0009495401336
108 -0.0008847125353
109 -0.0008223049079
110 -0.0007622176708
111 -0.000704356599
112 -0.0006486324969
113 -0.0005949608848
114 -0.0005432616988
115 -0.0004934590042
116 -0.0004454807233
117 -0.0003992583746
118 -0.0003547268254
119 -0.000311824065
120 -0.0002704909833
121 -0.0002306711624
122 -0.0001923107
123 -0.000155358025
124 -0.0001197637246
125 -8.54804281e-05
126 -5.246264119e-05
127 -2.066661592e-05
128 9.949699281e-06
129 3.942684945e-05
130 6.780390909e-05
131 9.511851529e-05
132 0.0001214071019
133 0.000146704748
134 0.000171045377
135 0.0001944618619
136 0.0002169857649
137 0.0002386478611
138 0.0002594777032
139 0.0002795038603
140 0.0002987542249
141 0.000317255191
142 0.0003350329966
143 0.0003521122716
144 0.0003685172345
145 0.0003842713746
146 0.000399396491
147 0.0004139153755
148 0.0004278473479
149 0.0004412144967
150 0.0004540340759
151 0.0004663270325
152 0.0004781093049
153 0.0004894000475
154 0.0005002147139
155 0.0005105700578
156 0.0005204817295
157 0.0005299637053
158 0.0005390322153
159 0.0005476984285
160 0.0005559791401
161 0.0005638831265
162 0.0005714272183
163 0.0005786188047
164 0.0005854735252
165 0.00059199918
166 0.0005982081032
167 0.0006041112183
168 0.0006097145816
169 0.0006150355732
170 0.0006200708251
171 0.0006248469286
172 0.000629349574
173 0.0006336143313
174 0.0006376189252
175 0.0006414017303
176 0.000644942393
177 0.0006482689844
178 0.0006513783823
179 0.0006542732943
180 0.0006569794774
181 0.0006594701972
182 0.0006617928868
183 0.0006639124827
184 0.0006658635818
185 0.0006676462725
186 0.0006692393042
187 0.0006707073736
188 0.0006719718975
189 0.0006731250789
190 0.0006741082542
191 0.0006749364389
192 0.0006756750853
193 0.0006761973183
194 0.0006766796821
195 0.0006769654135
196 0.0006771435612
197 0.0006772588738
198 0.0006771359481
199 0.0006770509905
200 0.0006767372155
