# Chi-squared: 66.78082236
8 0.5283304406
9 0.535010227
10 0.5107026982
11 0.4739021612
12 0.4330099099
13 0.3923063564
14 0.3537900652
15 0.3183272561
16 0.2861830331
17 0.2573165478
18 0.2315361216
19 0.2085842743
20 0.188183456
21 0.1700603055
22 0.1539578402
23 0.1396409093
24 0.1268979038
25 0.1155404402
26 0.1054020013
27 0.09633609695
28 0.08821426425
29 0.08092408298
30 0.07436729904
31 0.0684581001
32 0.06312155937
33 0.05829224809
34 0.05391300845
35 0.04993387502
36 0.0463111306
37 0.0430064827
38 0.03998634682
39 0.03722122427
40 0.03468516277
41 0.03235528966
42 0.03021140835
43 0.02823564997
44 0.02641217287
45 0.02472690363
46 0.02316731406
47 0.02172222922
48 0.02038166224
49 0.01913667232
50 0.01797924244
51 0.01690217432
52 0.0158989978
53 0.01496389289
54 0.01409162235
55 0.01327747344
56 0.01251720727
57 0.01180701455
58 0.01114347678
59 0.01052353177
60 0.009944442807
61 0.009403770582
62 0.008899347338
63 0.008429252624
64 0.007991790142
65 0.007585465302
66 0.007208963107
67 0.006861126101
68 0.006540932196
69 0.006247472234
70 0.005979927265
71 0.005737545576
72 0.00551961959
73 0.00532546284
74 0.005154387282
75 0.005005681295
76 0.004878588753
77 0.004772289598
78 0.004685882376
79 0.004618369207
80 0.00456864363
81 0.004535481749
82 0.00451753705
83 0.004513339179
84 0.004521296877
85 0.004539705179
86 0.004566756831
87 0.004600557797
88 0.004639146551
89 0.004680516751
90 0.004722642765
91 0.004763507415
92 0.004801131204
93 0.00483360224
94 0.004859106031
95 0.004875954304
96 0.004882612021
97 0.004877721827
98 0.004860125214
99 0.004828879814
100 0.004783272332
101 0.004722826773
102 0.004647307786
103 0.004556719049
104 0.004451296833
105 0.004331498984
106 0.004197989721
107 0.004051620714
108 0.003893409021
109 0.003724512676
110 0.003546204501
111 0.003359844715
112 0.003166853418
113 0.002968683714
114 0.002766795112
115 0.002562628749
116 0.002357585921
117 0.002153006854
118 0.001950152639
119 0.001750193857
120 0.001554195665
121 0.001363108871
122 0.001177771473
123 0.0009988948483
124 0.0008270700806
125 0.0006627777806
126 0.0005063670656
127 0.0003580949977
128 0.0002181119152
129 8.645697024e-05
130 -3.687290861e-05
131 -0.0001520124322
132 -0.0002591127943
133 -0.0003583951251
134 -0.000450170822
135 -0.0005346769394
136 -0.0006123500746
137 -0.0006834483364
138 -0.0007484272212
139 -0.0008076371557
140 -0.0008614209712
141 -0.0009102931247
142 -0.0009543988713
143 -0.0009944270966
144 -0.001030328109
145 -0.001062897616
146 -0.001091972604
147 -0.001118335758
148 -0.001141832265
149 -0.001163101155
150 -0.001182115742
151 -0.001199263537
152 -0.001214736945
153 -0.001228604353
154 -0.001241326904
155 -0.001252632939
156 -0.001263254547
157 -0.001272612044
158 -0.001281651847
159 -0.001289588344
160 -0.001297439965
161 -0.001304425957
162 -0.001311348039
163 -0.001317867081
