# Chi-squared: 69.69988777
8 0.6051369842
9 0.5971337064
10 0.5609306333
11 0.5153392865
12 0.4676258131
13 0.4216060291
14 0.3788867891
15 0.3400694036
16 0.3052219882
17 0.274157894
18 0.2465751813
19 0.2221321288
20 0.2004861586
21 0.1813133365
22 0.1643171232
23 0.1492313046
24 0.135819818
25 0.123875007
26 0.1132151625
27 0.1036818278
28 0.0951371252
29 0.08746123743
30 0.08055010546
31 0.07431336327
32 0.06867250873
33 0.06355929762
34 0.05891434244
35 0.05468589555
36 0.05082879629
37 0.04730356248
38 0.04407560833
39 0.04111457236
40 0.03839374079
41 0.03588955341
42 0.03358118046
43 0.03145016076
44 0.02948009211
45 0.02765636665
46 0.02596594469
47 0.02439716117
48 0.02293956028
49 0.02158375384
50 0.0203213001
51 0.01914459991
52 0.01804680753
53 0.01702175417
54 0.01606388209
55 0.01516818769
56 0.01433017226
57 0.01354579891
58 0.01281145477
59 0.0121239173
60 0.01148032386
61 0.0108781437
62 0.01031515162
63 0.009789402596
64 0.009299206873
65 0.008843104828
66 0.008419841347
67 0.008028339281
68 0.007667671793
69 0.00733703348
70 0.007035710304
71 0.006763048479
72 0.00651842261
73 0.006301203519
74 0.006110726304
75 0.005946259294
76 0.005806974677
77 0.005691921593
78 0.005600002562
79 0.005529954097
80 0.005480332281
81 0.005449504045
82 0.005435644714
83 0.005436742246
84 0.005450608377
85 0.005474896671
86 0.005507127216
87 0.005544717471
88 0.005585018538
89 0.005625355871
90 0.005663073289
91 0.005695578957
92 0.005720391935
93 0.005735187803
94 0.005737841902
95 0.005726468802
96 0.005699456694
97 0.005655495628
98 0.005593598698
99 0.005513115557
100 0.005413737907
101 0.005295496887
102 0.005158752583
103 0.005004176155
104 0.004832725303
105 0.004645613941
106 0.004444277206
107 0.004230333088
108 0.004005541768
109 0.003771763787
110 0.003530918791
111 0.003284945703
112 0.00303576441
113 0.002785241591
114 0.002535160984
115 0.002287195351
116 0.002042886102
117 0.001803628403
118 0.00157065448
119 0.001345031488
120 0.001127658542
121 0.000919259347
122 0.0007204026077
123 0.0005314938715
124 0.0003527896865
125 0.000184426533
126 2.639241018e-05
127 -0.0001214012091
128 -0.0002591608496
129 -0.0003871699587
130 -0.0005057450256
131 -0.0006153304774
132 -0.0007162939305
133 -0.0008091760776
134 -0.0008943910269
135 -0.0009724707121
136 -0.001043921302
137 -0.001109146704
138 -0.001168799199
139 -0.001223073072
140 -0.001272775466
141 -0.001317890114
142 -0.001359314137
143 -0.001396904317
144 -0.001431524489
145 -0.001463035176
146 -0.001492132836
147 -0.001518803378
148 -0.001543481311
149 -0.001566347462
150 -0.001587546331
151 -0.001607456236
152 -0.001625969774
153 -0.001643609194
154 -0.001660095869
155 -0.001676020436
156 -0.001691008374
157 -0.001705682036
158 -0.001719570154
159 -0.001733383332
160 -0.001746542525
