# Chi-squared: 119.3509845
50 0.02407872407
51 0.02235858314
52 0.02076366279
53 0.01928369083
54 0.01790917498
55 0.01663156178
56 0.01544309394
57 0.01433675072
58 0.01330618338
59 0.01234566308
60 0.01145003628
61 0.01061468702
62 0.009835504994
63 0.009108857969
64 0.008431567584
65 0.007800887009
66 0.007214479225
67 0.006670394481
68 0.006167045552
69 0.005703179428
70 0.005277844215
71 0.004890350184
72 0.004540224226
73 0.004227157311
74 0.003950945038
75 0.003711421872
76 0.003508390263
77 0.003341546451
78 0.003210405305
79 0.003114227087
80 0.003051949404
81 0.003022127838
82 0.003022888769
83 0.003051897707
84 0.003106345987
85 0.003182957993
86 0.003278020202
87 0.003387432235
88 0.003506778967
89 0.003631421544
90 0.003756604007
91 0.003877571251
92 0.00398969326
93 0.004088590056
94 0.004170251634
95 0.004231147331
96 0.004268319619
97 0.004279458094
98 0.004262950514
99 0.004217908968
100 0.00414417058
101 0.004042273447
102 0.003913409759
103 0.00375935909
104 0.003582405637
105 0.003385243741
106 0.003170876403
107 0.002942511414
108 0.002703459183
109 0.002457036413
110 0.002206479124
111 0.001954866486
112 0.001705057743
113 0.001459644512
114 0.001220915207
115 0.0009908330871
116 0.0007710308136
117 0.0005628095875
118 0.0003671508532
119 0.0001847423766
120 1.59919864e-05
121 -0.0001389345415
122 -0.0002800793534
123 -0.000407680795
124 -0.0005221081273
125 -0.00062386473
126 -0.0007135463113
127 -0.0007917936403
128 -0.0008593330345
129 -0.0009168613193
130 -0.0009651375256
131 -0.001004874471
132 -0.001036784822
133 -0.001061573578
134 -0.001079858722
135 -0.001092324305
136 -0.001099462412
137 -0.00110194193
138 -0.001100102819
139 -0.001094615633
140 -0.001085659001
141 -0.001073904553
142 -0.001059401509
143 -0.001042779545
144 -0.001024040936
145 -0.001003688093
146 -0.000981791982
147 -0.0009586263854
148 -0.0009344434203
149 -0.0009092096102
150 -0.0008834269608
151 -0.0008567359326
152 -0.0008298816485
153 -0.0008022409246
154 -0.0007747120417
155 -0.0007465431043
156 -0.00071863887
157 -0.0006902795036
158 -0.0006622440872
159 -0.0006339322509
160 -0.0006060072714
161 -0.0005778546784
162 -0.0005503221395
163 -0.0005223140243
164 -0.0004954761653
165 -0.0004675668872
166 -0.0004415897026
167 -0.0004139524071
168 -0.0003885633417
169 -0.0003619173634
170 -0.000336159084
171 -0.000311829707
172 -0.000284341136
173 -0.0002635378676
174 -0.0002337648591
175 -0.0002160073597
176 -0.0001858494112
177 -0.0001677579914
178 -0.0001417484935
179 -0.0001184419696
180 -0.0001005719316
181 -7.026340635e-05
182 -5.905260079e-05
183 -2.67364386e-05
184 -1.434027483e-05
185 1.097043143e-05
186 3.258217915e-05
187 4.603263479e-05
188 7.712086849e-05
189 8.348050069e-05
190 0.000115043632
191 0.0001260611272
192 0.0001454687838
193 0.0001737506473
