# Chi-squared: 122.6576738
50 0.02968093459
51 0.02735127946
52 0.02520088129
53 0.02321504895
54 0.02138072697
55 0.01968618428
56 0.01812091375
57 0.01667549091
58 0.01534146401
59 0.01411125149
60 0.01297805066
61 0.01193575428
62 0.01097887399
63 0.01010246916
64 0.00930208036
65 0.008573666517
66 0.007913545284
67 0.007318336208
68 0.006784906509
69 0.006310319397
70 0.00589178505
71 0.005526614458
72 0.005212176458
73 0.004945858358
74 0.004725030626
75 0.004547016123
76 0.004409064384
77 0.004308331385
78 0.004241865211
79 0.004206597947
80 0.00419934399
81 0.004216804867
82 0.004255580474
83 0.004312186526
84 0.004383077795
85 0.004464676582
86 0.004553405712
87 0.004645725168
88 0.004738171396
89 0.004827398196
90 0.004910218054
91 0.004983642747
92 0.005044922061
93 0.005091579499
94 0.005121443964
95 0.005132676475
96 0.005123791179
97 0.005093670047
98 0.005041570846
99 0.004967128173
100 0.00487034756
101 0.004751592841
102 0.00461156722
103 0.004451288549
104 0.004272059473
105 0.00407543341
106 0.00386317737
107 0.003637232114
108 0.003399670977
109 0.003152659128
110 0.002898412494
111 0.00263915766
112 0.002377096874
113 0.00211437292
114 0.001853036341
115 0.001595024859
116 0.001342135555
117 0.001096004937
118 0.0008581092317
119 0.0006297337847
120 0.0004119829094
121 0.0002057875162
122 1.186564254e-05
123 -0.0001692060836
124 -0.0003370478545
125 -0.0004914411745
126 -0.0006322749554
127 -0.0007596509196
128 -0.0008736876558
129 -0.0009747194539
130 -0.001063075273
131 -0.001139225849
132 -0.001203687241
133 -0.001256974082
134 -0.00129978383
135 -0.001332561313
136 -0.001356218727
137 -0.001371006947
138 -0.00137808403
139 -0.001377443089
140 -0.001370437223
141 -0.001356866614
142 -0.001338108052
143 -0.001313957408
144 -0.001285570311
145 -0.001252963363
146 -0.001216862898
147 -0.001177646469
148 -0.001135545101
149 -0.001091277778
150 -0.001044683174
151 -0.0009966598469
152 -0.0009468622659
153 -0.0008961690958
154 -0.0008442111315
155 -0.0007918120973
156 -0.0007384339905
157 -0.0006852832669
158 -0.0006308576541
159 -0.0005779980493
160 -0.0005225195095
161 -0.0004710651286
162 -0.0004143242187
163 -0.0003651821758
164 -0.0003072472467
165 -0.0002605291862
166 -0.0002024401172
167 -0.000156873517
168 -0.000100980746
169 -5.41169742e-05
170 -3.204361156e-06
171 4.702326213e-05
172 9.16108107e-05
173 0.0001451644171
174 0.000184535978
175 0.0002393219422
176 0.0002758114938
177 0.0003296748991
178 0.0003649321431
179 0.0004163470021
180 0.0004526693928
181 0.0004974791409
182 0.0005414756654
183 0.0005715824725
184 0.0006300834135
185 0.0006444475104
186 0.0007084813522
187 0.0007279733948
188 0.000768229949
189 0.0008216581575
190 0.000822711832
191 0.0009014577537
