# Chi-squared: 119.7618309
50 0.02545117247
51 0.0235755044
52 0.02183804791
53 0.02022753714
54 0.01873364281
55 0.01734708429
56 0.01605948737
57 0.01486331138
58 0.01375177554
59 0.0127187964
60 0.01175893219
61 0.01086733306
62 0.0100396958
63 0.009272221765
64 0.00856157679
65 0.00790485206
66 0.007299524928
67 0.006743418857
68 0.006234661795
69 0.005771642496
70 0.0053529645
71 0.00497739773
72 0.004643827928
73 0.004351204414
74 0.004098486928
75 0.003884592587
76 0.003708344196
77 0.003568421369
78 0.00346331604
79 0.003391293984
80 0.00335036399
81 0.003338256176
82 0.003352410752
83 0.003389978255
84 0.003447831868
85 0.00352259206
86 0.003610663227
87 0.003708281571
88 0.003811572905
89 0.00391661866
90 0.004019527881
91 0.004116512735
92 0.004203964831
93 0.004278529536
94 0.004337175546
95 0.004377257088
96 0.00439656647
97 0.00439337505
98 0.004366461212
99 0.004315124458
100 0.004239185321
101 0.004138971357
102 0.004015290045
103 0.003869389932
104 0.003702911692
105 0.003517831115
106 0.003316396414
107 0.003101062108
108 0.00287442153
109 0.002639140618
110 0.002397895163
111 0.002153311961
112 0.001907916527
113 0.001664089572
114 0.001424028544
115 0.001189718668
116 0.0009629161057
117 0.0007451304116
118 0.0005376216349
119 0.0003414075394
120 0.000157257638
121 -1.427958883e-05
122 -0.0001728661302
123 -0.0003183688477
124 -0.0004508043487
125 -0.000570363828
126 -0.0006773488901
127 -0.0007721665455
128 -0.0008553346583
129 -0.0009273824127
130 -0.0009889670841
131 -0.001040678193
132 -0.001083226925
133 -0.001117240885
134 -0.00114338767
135 -0.001162353703
136 -0.001174658096
137 -0.001181090051
138 -0.001181939356
139 -0.001178118132
140 -0.001169675211
141 -0.001157598839
142 -0.001141775406
143 -0.001123152019
144 -0.001101595721
145 -0.001077866658
146 -0.001051959177
147 -0.001024335665
148 -0.0009952049494
149 -0.0009647023604
150 -0.0009332499363
151 -0.0009007139629
152 -0.0008676524256
153 -0.0008337753692
154 -0.0007996743985
155 -0.0007649975621
156 -0.0007303406708
157 -0.0006952387612
158 -0.0006604909151
159 -0.0006251434917
160 -0.0005908138554
161 -0.000555194581
162 -0.0005218452209
163 -0.0004857981271
164 -0.0004539154662
165 -0.0004174034024
166 -0.0003870715396
167 -0.0003505994665
168 -0.0003210754358
169 -0.0002860485814
170 -0.0002556387047
171 -0.000224126147
172 -0.0001909304298
173 -0.0001644048908
174 -0.0001279773833
175 -0.0001056162064
176 -6.823518236e-05
177 -4.655780772e-05
178 -1.242192356e-05
179 1.275360978e-05
180 4.024737727e-05
181 7.096839488e-05
182 9.142870685e-05
183 0.0001265263096
184 0.0001425290014
185 0.0001782147644
186 0.0001949315029
187 0.0002245471027
188 0.0002499761543
189 0.0002656179294
190 0.0003048054907
191 0.0003083855253
192 0.0003488557351
193 0.0003653552722
