# Chi-squared: 299.1056693
50 0.02063658498
51 0.01937827586
52 0.01820585711
53 0.01711279796
54 0.01609299161
55 0.01514100562
56 0.01425195274
57 0.01342145698
58 0.01264560588
59 0.01192091156
60 0.01124427454
61 0.01061295036
62 0.01002451814
63 0.009476850364
64 0.008968083222
65 0.008496587169
66 0.008060937208
67 0.007659882689
68 0.007292316463
69 0.006957243367
70 0.006653748164
71 0.00638096316
72 0.006138035852
73 0.005924097101
74 0.005738230377
75 0.00557944275
76 0.005446638334
77 0.005338594924
78 0.005253944574
79 0.005191158816
80 0.005148539147
81 0.005124213316
82 0.005116137776
83 0.005122106528
84 0.005139766363
85 0.005166638311
86 0.005200144891
87 0.005237642538
88 0.00527645839
89 0.005313930429
90 0.005347449838
91 0.005374504305
92 0.00539272098
93 0.005399907745
94 0.005394091507
95 0.005373552307
96 0.005336852199
97 0.005282857984
98 0.005210757156
99 0.00512006659
100 0.005010633792
101 0.004882630759
102 0.004736540766
103 0.004573138613
104 0.004393465035
105 0.004198796138
106 0.00399060898
107 0.003770544393
108 0.003540367894
109 0.003301930105
110 0.003057128141
111 0.002807867794
112 0.002556027996
113 0.002303430119
114 0.002051808767
115 0.001802786482
116 0.001557857762
117 0.001318370082
118 0.001085512425
119 0.0008603171875
120 0.0006436443876
121 0.0004361925143
122 0.0002385084052
123 5.096834919e-05
124 -0.0001261713948
125 -0.0002928011233
126 -0.000448934536
127 -0.0005946602392
128 -0.0007302131366
129 -0.0008558403906
130 -0.0009719143228
131 -0.001078822809
132 -0.001176993277
133 -0.001266927586
134 -0.001349054259
135 -0.001423952138
136 -0.001492012917
137 -0.001553868549
138 -0.001609833681
139 -0.001660588151
140 -0.001706337691
141 -0.001747796984
142 -0.001785070862
143 -0.00181885576
144 -0.001849223277
145 -0.001876750489
146 -0.001901591789
147 -0.001924079022
148 -0.001944576343
149 -0.001963061786
150 -0.001980199509
151 -0.001995568031
152 -0.002010140198
153 -0.002023149539
154 -0.002035776795
155 -0.00204707515
156 -0.002058233806
157 -0.00206836389
158 -0.002078429536
159 -0.002087812886
160 -0.002097121122
161 -0.002106025971
162 -0.00211493312
163 -0.002123460612
164 -0.002132347757
165 -0.00214051361
166 -0.002149645969
167 -0.002157635759
168 -0.002166844367
169 -0.002175385572
170 -0.00218376641
171 -0.00219425317
172 -0.00220040823
173 -0.002214173445
174 -0.002217513667
175 -0.002234065705
176 -0.002236734826
177 -0.002252248536
178 -0.00225951097
179 -0.002268265318
180 -0.00228489231
181 -0.002284783475
182 -0.002308804574
183 -0.002306388137
184 -0.002327483035
185 -0.002334594741
186 -0.002342485557
187 -0.00236466913
188 -0.00236061632
189 -0.002389385905
190 -0.002387401709
191 -0.002406274071
192 -0.002421679036
193 -0.002418523458
