# Chi-squared: 15.19686255
51 0.006457972571
52 0.005919999192
53 0.005419375063
54 0.00495296544
55 0.004518067024
56 0.004112176747
57 0.003733020108
58 0.003378515149
59 0.00304675695
60 0.002735999913
61 0.002444643567
62 0.002171220155
63 0.001914384322
64 0.001672904702
65 0.001445657368
66 0.001231621109
67 0.00102987448
68 0.0008395945981
69 0.0006600576029
70 0.000490640677
71 0.0003308254091
72 0.0001802021693
73 3.847499029e-05
74 -9.453375585e-05
75 -0.0002188798182
76 -0.0003344958187
77 -0.0004411936265
78 -0.000538671789
79 -0.0006265294294
80 -0.0007042878362
81 -0.0007714205815
82 -0.0008273924125
83 -0.0008717063586
84 -0.000903957547
85 -0.0009238911889
86 -0.0009314612121
87 -0.0009268851965
88 -0.0009106907755
89 -0.0008837486013
90 -0.0008472874388
91 -0.0008028879647
92 -0.0007524533549
93 -0.0006981566281
94 -0.0006423667741
95 -0.0005875577121
96 -0.000536205852
97 -0.0004906832484
98 -0.000453153899
99 -0.0004254805551
100 -0.0004091485135
101 -0.0004052113473
102 -0.0004142615936
103 -0.0004364272778
104 -0.0004713930575
105 -0.0005184429301
106 -0.0005765200386
107 -0.0006442982363
108 -0.0007202597735
109 -0.0008027736845
110 -0.0008901700817
111 -0.000980806555
112 -0.001073124046
113 -0.001165690624
114 -0.00125723265
115 -0.001346653995
116 -0.001433044429
117 -0.001515678444
118 -0.001594006949
119 -0.001667643806
120 -0.001736347851
121 -0.001800003654
122 -0.001858602245
123 -0.001912220059
124 -0.001961001548
125 -0.002005143477
126 -0.002044877134
127 -0.002080459871
128 -0.002112162918
129 -0.00214026001
130 -0.002165029198
131 -0.002186736925
132 -0.002205642352
133 -0.002221995683
134 -0.002236023271
135 -0.002247951175
136 -0.002257975187
137 -0.002266285705
138 -0.002273058514
139 -0.002278441465
140 -0.002282595435
141 -0.002285631738
142 -0.002287690103
143 -0.002288862169
144 -0.002289254573
145 -0.002288957031
146 -0.002288035256
147 -0.002286586619
148 -0.002284638042
149 -0.002282293056
150 -0.002279551475
151 -0.002276513063
152 -0.002273167594
153 -0.002269597358
154 -0.002265800101
155 -0.0022618269
156 -0.002257699666
157 -0.00225342645
158 -0.00224906644
159 -0.002244575948
160 -0.002240059994
161 -0.002235420201
162 -0.002230806937
163 -0.002226077302
164 -0.00222140659
165 -0.002216645884
166 -0.002211935416
167 -0.002207210524
168 -0.002202451802
169 -0.00219784337
170 -0.002193003916
171 -0.002188598989
172 -0.002183643339
173 -0.002179501063
174 -0.002174442927
175 -0.002170527354
176 -0.002165506014
177 -0.002161613881
178 -0.002156940018
179 -0.002152708602
180 -0.002148771607
181 -0.002143879732
182 -0.002140834465
183 -0.002135400748
184 -0.00213276157
185 -0.00212764231
186 -0.002124250594
187 -0.002120671417
188 -0.002115547021
189 -0.002113840204
190 -0.002107609708
191 -0.00210607055
192 -0.002101282886
193 -0.002097156822
194 -0.002095845264
195 -0.002088811315
196 -0.002088996808
197 -0.002083189197
198 -0.002079739892
199 -0.002079394311
200 -0.002070939347
