# Chi-squared: 17.13661001
50 0.008470324843
51 0.007876691853
52 0.007325274002
53 0.006812364759
54 0.00633490159
55 0.005890029935
56 0.00547517617
57 0.005087996677
58 0.004726362681
59 0.004388339929
60 0.004072173102
61 0.003776272069
62 0.003499200315
63 0.003239665111
64 0.002996509161
65 0.002768703431
66 0.002555340838
67 0.002355630477
68 0.002168892039
69 0.001994550049
70 0.001832127574
71 0.001681239019
72 0.001541581706
73 0.001412925923
74 0.001295103233
75 0.001187992919
76 0.001091506558
77 0.001005570844
78 0.0009301089605
79 0.0008650209383
80 0.0008101636057
81 0.0007653308725
82 0.0007302352072
83 0.0007044912338
84 0.0006876023951
85 0.000678951584
86 0.0006777965401
87 0.0006832706332
88 0.0006943894239
89 0.0007100631151
90 0.0007291146953
91 0.0007503032562
92 0.0007723516548
93 0.0007939774194
94 0.0008139255753
95 0.0008310019234
96 0.0008441052456
97 0.0008522569406
98 0.0008546267221
99 0.0008505532151
100 0.0008395585644
101 0.0008213564925
102 0.0007958535959
103 0.0007631440175
104 0.0007234979673
105 0.0006773448506
106 0.0006252519874
107 0.0005679000528
108 0.0005060564742
109 0.0004405480303
110 0.0003722337705
111 0.0003019792887
112 0.0002306333443
113 0.0001590074009
114 8.785839637e-05
115 1.787541509e-05
116 -5.032988044e-05
117 -0.0001162297824
118 -0.0001793830381
119 -0.0002394343129
120 -0.0002961125588
121 -0.000349225208
122 -0.000398651707
123 -0.0004443382529
124 -0.0004862863922
125 -0.000524547225
126 -0.00055921419
127 -0.0005904093666
128 -0.0006182854831
129 -0.0006430101846
130 -0.0006647634816
131 -0.0006837391779
132 -0.0007001223568
133 -0.0007141127598
134 -0.0007258922547
135 -0.0007356460157
136 -0.0007435522486
137 -0.0007497675007
138 -0.0007544651167
139 -0.0007577694805
140 -0.0007598439324
141 -0.0007607855678
142 -0.0007607406768
143 -0.0007597875458
144 -0.0007580492163
145 -0.0007555939962
146 -0.000752517012
147 -0.0007488851227
148 -0.0007447614026
149 -0.0007402200636
150 -0.0007352874975
151 -0.0007300544503
152 -0.0007245057899
153 -0.0007187568923
154 -0.0007127484818
155 -0.0007066236343
156 -0.0007002841164
157 -0.0006938910291
158 -0.0006873304066
159 -0.0006807458595
160 -0.0006740650743
161 -0.0006673340846
162 -0.0006606340516
163 -0.0006537693835
164 -0.0006471555967
165 -0.0006401437087
166 -0.000633718379
167 -0.000626541922
168 -0.0006203729566
169 -0.0006130594145
170 -0.0006071216482
171 -0.0005998134424
172 -0.0005939221565
173 -0.0005869279958
174 -0.0005807286814
175 -0.0005744709509
176 -0.0005675819829
177 -0.0005623536252
178 -0.0005547060281
179 -0.0005502760817
180 -0.0005424884965
181 -0.000537864028
182 -0.0005312130457
183 -0.0005250594284
184 -0.0005206167686
185 -0.0005125011483
186 -0.0005097377746
187 -0.0005012931607
188 -0.0004976314309
189 -0.0004918507491
190 -0.0004847246341
191 -0.0004827798463
192 -0.0004731688499
193 -0.000471736857
194 -0.0004646494491
195 -0.0004585277029
196 -0.0004573844455
197 -0.0004465963151
