# Chi-squared: 18.49745565
51 0.005533948039
52 0.005019289607
53 0.004542113236
54 0.004099258565
55 0.003687943589
56 0.003305609942
57 0.002949936791
58 0.002618810427
59 0.002310304021
60 0.002022653717
61 0.00175423694
62 0.001503554145
63 0.001269215789
64 0.001049934596
65 0.0008445218963
66 0.0006518859273
67 0.0004710300134
68 0.0003010493972
69 0.0001411268249
70 -9.4717314e-06
71 -0.0001513991031
72 -0.0002852246607
73 -0.0004114265048
74 -0.0005303780323
75 -0.0006423299022
76 -0.0007473891035
77 -0.0008454970038
78 -0.0009364081469
79 -0.001019671603
80 -0.001094617263
81 -0.001160350799
82 -0.001215762783
83 -0.001259559084
84 -0.001290320091
85 -0.001306594757
86 -0.001307031397
87 -0.001290540762
88 -0.001256479225
89 -0.00120483237
90 -0.001136373969
91 -0.001052773699
92 -0.0009566302083
93 -0.0008514140959
94 -0.0007413171094
95 -0.0006310172396
96 -0.0005253820695
97 -0.0004291422286
98 -0.0003465713894
99 -0.0002812080989
100 -0.0002356482341
101 -0.0002114263704
102 -0.0002089918972
103 -0.000227773551
104 -0.000266316118
105 -0.0003224667199
106 -0.0003935858091
107 -0.0004767594837
108 -0.0005689940487
109 -0.0006673796414
110 -0.0007692159463
111 -0.0008720986093
112 -0.0009739692104
113 -0.001073134198
114 -0.001168259437
115 -0.001258347386
116 -0.001342702872
117 -0.00142089232
118 -0.00149270117
119 -0.001558092188
120 -0.001617165753
121 -0.001670125541
122 -0.001717249159
123 -0.001758861738
124 -0.00179531795
125 -0.001826986462
126 -0.001854235459
127 -0.001877429514
128 -0.001896918676
129 -0.001913034826
130 -0.001926096219
131 -0.001936391987
132 -0.00194419818
133 -0.00194976685
134 -0.001953324167
135 -0.00195509258
136 -0.001955252261
137 -0.001953993166
138 -0.001951466111
139 -0.001947817761
140 -0.001943188431
141 -0.001937674886
142 -0.001931416202
143 -0.001924465094
144 -0.001916955573
145 -0.00190891304
146 -0.001900454393
147 -0.001891597854
148 -0.001882430526
149 -0.001872980124
150 -0.001863295922
151 -0.001853425161
152 -0.001843377457
153 -0.001833222767
154 -0.001822934712
155 -0.001812603017
156 -0.001802173964
157 -0.001791747782
158 -0.001781258652
159 -0.001770799375
160 -0.001760317976
161 -0.001749868421
162 -0.001739454658
163 -0.001729041723
164 -0.001718750763
165 -0.001708389543
166 -0.001698269801
167 -0.001687972406
168 -0.001678055559
169 -0.001667848406
170 -0.001658131276
171 -0.001648079297
172 -0.001638504818
173 -0.001628727584
174 -0.001619185792
175 -0.001609834593
176 -0.001600216025
177 -0.00159138172
178 -0.001581698132
179 -0.001573266723
180 -0.001563779282
181 -0.001555353071
182 -0.001546541807
183 -0.00153762064
184 -0.001529829016
185 -0.001520316743
186 -0.001513195356
187 -0.001503857785
188 -0.001496231787
189 -0.001488335695
190 -0.001479178265
191 -0.001473036093
192 -0.00146307377
193 -0.001456881314
194 -0.00144866611
195 -0.001439971591
196 -0.00143489054
197 -0.001424329413
198 -0.001419489136
199 -0.001411666932
200 -0.00140207155
