# Chi-squared: 15.13076737
51 0.006297257912
52 0.005761644599
53 0.005263474804
54 0.004799614251
55 0.004367339211
56 0.0039641335
57 0.003587709156
58 0.00323597221
59 0.002907006486
60 0.002599055866
61 0.002310509893
62 0.002039891242
63 0.001785845286
64 0.001547131601
65 0.001322617372
66 0.001111272658
67 0.000912167489
68 0.0007244707645
69 0.0005474509196
70 0.0003804782647
71 0.0002230288288
72 7.468940237e-05
73 -6.483670659e-05
74 -0.0001957239173
75 -0.000318019589
76 -0.0004316414311
77 -0.0005363785623
78 -0.0006318978198
79 -0.0007177569367
80 -0.0007934260447
81 -0.0008583185737
82 -0.0009118319919
83 -0.0009533979577
84 -0.0009825403852
85 -0.0009989387502
86 -0.001002492798
87 -0.0009933838388
88 -0.0009721271744
89 -0.0009396100658
90 -0.0008971101197
91 -0.000846290087
92 -0.0007891667649
93 -0.0007280538529
94 -0.0006654809811
95 -0.0006040934654
96 -0.0005465393277
97 -0.0004953515256
98 -0.0004528339536
99 -0.0004209595393
100 -0.0004012876774
101 -0.0003949064692
102 -0.0004024029735
103 -0.0004238622169
104 -0.0004588933259
105 -0.0005066790901
106 -0.0005660437339
107 -0.000635532779
108 -0.0007134986452
109 -0.000798185987
110 -0.000887811568
111 -0.0009806346627
112 -0.001075015324
113 -0.001169459046
114 -0.00126264754
115 -0.00135345661
116 -0.001440962477
117 -0.00152443815
118 -0.001603342615
119 -0.001677304854
120 -0.001746103531
121 -0.001809645936
122 -0.00186794703
123 -0.001921106971
124 -0.001969293261
125 -0.002012723974
126 -0.002051649603
127 -0.002086345233
128 -0.002117096854
129 -0.002144191471
130 -0.002167918881
131 -0.002188553934
132 -0.00220636534
133 -0.002221608784
134 -0.00223451644
135 -0.002245320475
136 -0.002254217133
137 -0.002261404963
138 -0.002267056711
139 -0.002271327213
140 -0.002274376647
141 -0.002276316117
142 -0.002277293341
143 -0.002277388025
144 -0.002276726221
145 -0.00227537422
146 -0.002273425957
147 -0.002270949111
148 -0.00226800079
149 -0.002264656739
150 -0.002260940421
151 -0.002256934222
152 -0.002252637254
153 -0.002248131702
154 -0.002243404815
155 -0.002238528944
156 -0.002233493296
157 -0.002228349032
158 -0.002223102346
159 -0.002217769687
160 -0.002212391347
161 -0.002206932791
162 -0.002201487353
163 -0.002195952711
164 -0.002190490826
165 -0.002184923892
166 -0.002179479418
167 -0.002173927625
168 -0.002168510753
169 -0.002163036589
170 -0.002157626699
171 -0.002152313832
172 -0.002146863108
173 -0.002141802087
174 -0.002136267724
175 -0.002131504005
176 -0.002125920095
177 -0.002121368007
178 -0.002115930034
179 -0.002111312607
180 -0.002106379942
181 -0.002101318072
182 -0.002097207086
183 -0.002091549391
184 -0.002088119842
185 -0.002082358509
186 -0.002078738436
187 -0.002073988757
188 -0.002069040401
189 -0.00206608962
190 -0.002059738913
191 -0.002057668614
192 -0.002051832874
193 -0.002048102333
194 -0.002045205328
195 -0.002038494546
196 -0.002037923959
197 -0.002031101956
198 -0.002028327433
199 -0.002026137452
200 -0.002018025687
