# Chi-squared: 13.48935919
51 0.007876981772
52 0.007338295767
53 0.006837422059
54 0.006371099218
55 0.005936612301
56 0.005531421166
57 0.005153224868
58 0.00479991558
59 0.004469565073
60 0.004160405812
61 0.003870816366
62 0.003599308372
63 0.003344515641
64 0.003105185138
65 0.002880169816
66 0.002668423261
67 0.002468996104
68 0.002281034195
69 0.002103778523
70 0.001936566864
71 0.001778837066
72 0.001630131786
73 0.001490104346
74 0.001358525131
75 0.001235287717
76 0.00112041362
77 0.001014054273
78 0.0009164886377
79 0.000828114689
80 0.0007494330995
81 0.0006810216534
82 0.0006234994532
83 0.000577480755
84 0.0005435193092
85 0.0005220453152
86 0.0005132983992
87 0.0005172612408
88 0.0005335994067
89 0.0005616134143
90 0.000600208893
91 0.000647889841
92 0.0007027784071
93 0.0007626624694
94 0.0008250697545
95 0.0008873646324
96 0.0009468613541
97 0.001000945691
98 0.001047195921
99 0.001083494033
100 0.001108118906
101 0.00111981493
102 0.001117831875
103 0.001101934444
104 0.001072382627
105 0.001029886257
106 0.0009755390437
107 0.0009107384345
108 0.0008370980871
109 0.0007563594394
110 0.0006703080768
111 0.0005806993837
112 0.0004891965162
113 0.0003973223652
114 0.0003064259792
115 0.0002176626378
116 0.0001319859678
117 5.015046618e-05
118 -2.727796449e-05
119 -9.990626342e-05
120 -0.0001674942653
121 -0.0002299326842
122 -0.0002872221453
123 -0.000339451355
124 -0.0003867767617
125 -0.0004294073959
126 -0.0004675870564
127 -0.000501581836
128 -0.0005316734394
129 -0.0005581433314
130 -0.000581273525
131 -0.0006013402197
132 -0.000618601358
133 -0.0006333139221
134 -0.0006457076009
135 -0.0006560032232
136 -0.0006644114331
137 -0.0006711059425
138 -0.0006762813539
139 -0.0006800728774
140 -0.0006826447974
141 -0.0006841203127
142 -0.0006846104272
143 -0.0006842535674
144 -0.0006830938112
145 -0.0006812956216
146 -0.000678843134
147 -0.0006759159298
148 -0.0006724641992
149 -0.0006686565143
150 -0.0006644441541
151 -0.0006599544242
152 -0.000655173051
153 -0.0006501607815
154 -0.0006449624611
155 -0.0006395569469
156 -0.0006340608123
157 -0.0006283682874
158 -0.0006226655874
159 -0.0006167759275
160 -0.0006109328353
161 -0.0006049267242
162 -0.0005989846793
163 -0.0005929413785
164 -0.0005869158665
165 -0.0005809199928
166 -0.000574800964
167 -0.0005689436405
168 -0.0005627042381
169 -0.0005570703829
170 -0.0005506933056
171 -0.0005453262944
172 -0.000538853386
173 -0.0005336982859
174 -0.0005272905884
175 -0.0005221447773
176 -0.0005161048663
177 -0.0005106432949
178 -0.0005053207158
179 -0.0004992722115
180 -0.0004948047689
181 -0.0004882660634
182 -0.0004842665038
183 -0.0004779272901
184 -0.0004734560371
185 -0.000468331446
186 -0.000462518578
187 -0.0004590187683
188 -0.0004521444789
189 -0.0004491530573
190 -0.0004430378276
191 -0.0004384141009
192 -0.0004348697122
193 -0.0004278597724
194 -0.0004260419353
195 -0.0004191819497
196 -0.0004154749109
197 -0.0004122546447
198 -0.0004048398363
199 -0.0004042141616
200 -0.000397301378
