# Chi-squared: 13.71179877
51 0.007816337507
52 0.007278378411
53 0.006778137175
54 0.006312416577
55 0.005878483513
56 0.005473801543
57 0.005096068522
58 0.004743178022
59 0.004413204514
60 0.004104385613
61 0.003815108136
62 0.003543895983
63 0.003289400163
64 0.003050390763
65 0.00282575079
66 0.002614471791
67 0.002415651154
68 0.002228490976
69 0.002052298293
70 0.001886486444
71 0.0017305772
72 0.001584203175
73 0.001447109928
74 0.001319156975
75 0.001200316846
76 0.00109067119
77 0.0009904029295
78 0.0008997834806
79 0.0008191542365
80 0.0007489017844
81 0.0006894267361
82 0.0006411065891
83 0.0006042536565
84 0.0005790697744
85 0.0005656001401
86 0.0005636891915
87 0.0005729418051
88 0.0005926932179
89 0.000621990892
90 0.0006595910236
91 0.0007039715594
92 0.0007533624761
93 0.0008057927833
94 0.0008591523643
95 0.000911265488
96 0.0009599717666
97 0.0010032096
98 0.001039096835
99 0.001066003505
100 0.001082612113
101 0.001087961886
102 0.00108147467
103 0.001062961573
104 0.001032610826
105 0.0009909586678
106 0.0009388460819
107 0.0008773649716
108 0.0008077977244
109 0.0007315541631
110 0.0006501096239
111 0.0005649473509
112 0.0004775076524
113 0.0003891455793
114 0.000301098136
115 0.0002144610344
116 0.0001301745992
117 4.901832706e-05
118 -2.83876206e-05
119 -0.0001015755384
120 -0.0001702181036
121 -0.0002341139193
122 -0.0002931722205
123 -0.0003473946635
124 -0.0003968594181
125 -0.000441706821
126 -0.0004821216634
127 -0.0005183239061
128 -0.0005505570023
129 -0.0005790742064
130 -0.0006041398765
131 -0.0006260136969
132 -0.0006449505386
133 -0.000661202606
134 -0.0006749993453
135 -0.0006865715487
136 -0.0006961247887
137 -0.0007038532493
138 -0.0007099463668
139 -0.0007145560547
140 -0.0007178547331
141 -0.0007199628196
142 -0.0007210230411
143 -0.0007211453545
144 -0.0007204277083
145 -0.0007189875736
146 -0.0007168722189
147 -0.0007142118473
148 -0.0007110112796
149 -0.0007074047203
150 -0.0007033741133
151 -0.0006990400421
152 -0.0006943860024
153 -0.0006894989763
154 -0.0006843873757
155 -0.0006790870643
156 -0.0006736500406
157 -0.0006680487441
158 -0.0006623905
159 -0.0006565797554
160 -0.0006507805169
161 -0.0006448378286
162 -0.0006389552367
163 -0.0006329518973
164 -0.0006270194116
165 -0.0006210296114
166 -0.0006150528523
167 -0.0006091619791
168 -0.00060311724
169 -0.0005974227352
170 -0.0005912672893
171 -0.0005858598026
172 -0.0005795679391
173 -0.0005744798435
174 -0.0005681124654
175 -0.0005632374579
176 -0.000557022896
177 -0.0005520554378
178 -0.0005464028046
179 -0.0005409041436
180 -0.0005362295982
181 -0.000529924747
182 -0.0005262471639
183 -0.0005194822855
184 -0.0005160229923
185 -0.000509963562
186 -0.0005053193821
187 -0.0005012864917
188 -0.0004946075982
189 -0.0004925516862
190 -0.0004850517269
191 -0.0004826083741
192 -0.0004773616044
193 -0.0004716000575
194 -0.0004703057273
195 -0.0004617402976
196 -0.0004612804426
197 -0.0004550830181
198 -0.000449846823
199 -0.0004498039217
200 -0.0004398870053
