# Chi-squared: 94.77343611
50 0.1094543172
51 0.1030832607
52 0.09713569421
53 0.09157769553
54 0.08637867172
55 0.08151091832
56 0.07694935134
57 0.07267125013
58 0.06865603753
59 0.06488508643
60 0.06134154947
61 0.05801020773
62 0.054877335
63 0.05193057417
64 0.04915882277
65 0.04655212493
66 0.04410156711
67 0.04179917557
68 0.03963781373
69 0.03761107795
70 0.03571319097
71 0.03393889262
72 0.03228332809
73 0.03074193457
74 0.02931032794
75 0.02798419139
76 0.02675916876
77 0.02563076547
78 0.02459426034
79 0.02364463177
80 0.02277650125
81 0.02198409725
82 0.0212612416
83 0.02060135993
84 0.01999751677
85 0.01944247485
86 0.01892877686
87 0.01844884724
88 0.01799511001
89 0.01756011818
90 0.01713668945
91 0.01671804238
92 0.0162979274
93 0.01587074672
94 0.01543165825
95 0.01497665891
96 0.01450264398
97 0.01400744018
98 0.0134898113
99 0.01294943681
100 0.01238686475
101 0.01180344162
102 0.01120122265
103 0.01058286648
104 0.009951519149
105 0.009310692126
106 0.008664138674
107 0.008015733439
108 0.007369359725
109 0.006728806019
110 0.006097675445
111 0.00547931226
112 0.004876740357
113 0.004292618557
114 0.003729217406
115 0.003188398543
116 0.0026716167
117 0.002179937869
118 0.001714041277
119 0.001274268676
120 0.0008606448017
121 0.0004729043524
122 0.0001105690193
123 -0.0002270796338
124 -0.0005408814946
125 -0.0008318359804
126 -0.001101033204
127 -0.001349582609
128 -0.001578743032
129 -0.001789601925
130 -0.001983491304
131 -0.002161444765
132 -0.002324711152
133 -0.002474344789
134 -0.002611338309
135 -0.002736842883
136 -0.002851527288
137 -0.002956601113
138 -0.00305249689
139 -0.003140343756
140 -0.003220490588
141 -0.003293868409
142 -0.003360821962
143 -0.003422097759
144 -0.003477967808
145 -0.003529157756
146 -0.003575678261
147 -0.003618471327
148 -0.003657085998
149 -0.00369285736
150 -0.003724805243
151 -0.003754629455
152 -0.003781011118
153 -0.003805700956
154 -0.003827483166
155 -0.003847699326
156 -0.003865634108
157 -0.003882051162
158 -0.003896554732
159 -0.003910017086
160 -0.003921113013
161 -0.003932622103
162 -0.003940159001
163 -0.003950471122
164 -0.003954779051
165 -0.003963608907
166 -0.003966330508
167 -0.003971785052
168 -0.003975893332
169 -0.003975346342
170 -0.003983260953
171 -0.003976098371
172 -0.003986778706
173 -0.003976373554
174 -0.003985385794
175 -0.003976682172
176 -0.003980251832
177 -0.003975642217
178 -0.003973069332
179 -0.003972962201
180 -0.003963239542
181 -0.003970236329
182 -0.00395049061
183 -0.003965207297
184 -0.003941150236
185 -0.00394933368
186 -0.00394266805
187 -0.003921973429
188 -0.003945517195
189 -0.003902294529
