# Chi-squared: 1856.765142
11 0.1911489632
12 0.1648711859
13 0.1431802723
14 0.1251240885
15 0.1099692293
16 0.09715446304
17 0.08624304253
18 0.07689238637
19 0.06883118565
20 0.06184284381
21 0.05575310866
22 0.05042079069
23 0.04573071032
24 0.0415882946
25 0.0379154038
26 0.03464708551
27 0.03172903404
28 0.02911559027
29 0.02676815802
30 0.02465394362
31 0.02274494711
32 0.02101715064
33 0.01944986185
34 0.01802517987
35 0.01672755862
36 0.01554344772
37 0.0144609958
38 0.01346980393
39 0.01256071982
40 0.01172566518
41 0.01095749021
42 0.01024985047
43 0.00959710225
44 0.008994213272
45 0.008436686295
46 0.007920493437
47 0.007442019594
48 0.006998013524
49 0.006585545454
50 0.006201970241
51 0.005844895291
52 0.00551215257
53 0.005201774142
54 0.004911970774
55 0.004641113218
56 0.004387715841
57 0.004150422334
58 0.003927993278
59 0.003719295393
60 0.003523292294
61 0.003339036667
62 0.003165663732
63 0.003002385926
64 0.002848488722
65 0.002703327492
66 0.002566325352
67 0.002436971848
68 0.002314822378
69 0.002199498144
70 0.002090686439
71 0.001988140964
72 0.001891681854
73 0.001801195026
74 0.001716630393
75 0.001637998528
76 0.001565365282
77 0.001498843982
78 0.001438584873
79 0.001384761672
80 0.001337555161
81 0.001297134098
82 0.001263634147
83 0.001237135304
84 0.001217638756
85 0.001205045591
86 0.001199137119
87 0.001199558405
88 0.001205810336
89 0.001217243774
90 0.001233062958
91 0.001252342938
92 0.001274038813
93 0.001297024336
94 0.001320120717
95 0.001342123768
96 0.001361876492
97 0.001378257557
98 0.001390284002
99 0.00139708727
100 0.001397973352
101 0.001392461575
102 0.00138020847
103 0.001361184193
104 0.001335399223
105 0.001303254287
106 0.001265060951
107 0.001221564442
108 0.001173277477
109 0.001121172778
110 0.001065832696
111 0.001008348588
112 0.0009492261497
113 0.0008896074373
114 0.0008297743651
115 0.0007709096611
116 0.0007129389546
117 0.0006571207333
118 0.0006029421089
119 0.0005517533423
120 0.0005026550276
121 0.0004569543349
122 0.000413689091
123 0.0003736768214
124 0.0003365893115
125 0.0003019794818
126 0.0002710368263
127 0.0002413855692
128 0.0002160365971
129 0.000191173331
130 0.0001701918938
131 0.0001504013832
132 0.0001322068015
133 0.0001176143165
134 0.0001014445556
135 9.071131814e-05
136 7.77784613e-05
137 6.785848868e-05
138 6.017974565e-05
139 4.91813413e-05
140 4.560100622e-05
141 3.646147682e-05
142 3.134781628e-05
143 2.894579354e-05
144 1.957421476e-05
145 2.103577673e-05
146 1.489324431e-05
147 1.002330625e-05
148 1.378610285e-05
149 3.743264658e-06
150 6.250306263e-06
151 6.878402371e-06
152 -3.444580363e-06
153 5.47280139e-06
154 -1.076459074e-07
155 -6.670377776e-06
156 5.442809554e-06
157 -6.532378129e-06
158 -6.997225205e-06
159 5.175126305e-06
160 -1.187637675e-05
161 -5.799660453e-06
162 4.68555797e-06
163 -1.613282231e-05
164 -4.240956032e-06
165 4.468553041e-06
166 -1.964233065e-05
167 -3.203917157e-06
168 5.132120806e-06
169 -2.274047616e-05
170 -3.48936399e-06
171 7.191552207e-06
172 -2.538271381e-05
173 -6.031965194e-06
174 1.082697755e-05
175 -2.678109801e-05
176 -1.188640872e-05
177 1.540796768e-05
178 -2.517525999e-05
179 -2.169646171e-05
180 1.878253654e-05
181 -1.814853663e-05
182 -3.442416022e-05
183 1.682328133e-05
184 -4.169129598e-06
185 -4.566217956e-05
186 4.464421017e-06
187 1.432919676e-05
188 -4.716744361e-05
189 -2.031666174e-05
190 2.787362346e-05
191 -3.06141679e-05
192 -5.014389531e-05
193 2.155594337e-05
194 2.802665759e-06
195 -6.538014819e-05
196 -1.338829849e-05
197 3.271323908e-05
198 -4.503026644e-05
199 -6.150083736e-05
200 2.589780909e-05
201 6.510993683e-06
202 -8.0037272e-05
203 -2.979657161e-05
204 4.202253101e-05
205 -3.639153563e-05
206 -8.91611256e-05
207 6.864386529e-06
208 3.350855115e-05
209 -7.597394642e-05
210 -7.887295755e-05
211 3.436866285e-05
212 1.137955697e-05
213 -0.0001041818098
214 -6.121929071e-05
215 5.025803539e-05
216 -1.299452161e-05
217 -0.0001223487297
218 -4.552451813e-05
219 5.834686642e-05
220 -3.237742711e-05
221 -0.0001352883021
222 -3.710265975e-05
223 6.344023759e-05
224 -4.292408922e-05
225 -0.0001471598591
226 -3.901690452e-05
227 6.837645501e-05
228 -4.2113884e-05
229 -0.0001593171894
230 -5.375453899e-05
231 7.253100679e-05
232 -2.76426341e-05
233 -0.0001690000403
234 -8.329402784e-05
235 7.080694258e-05
236 1.631362685e-06
237 -0.0001685164683
238 -0.0001268506169
239 5.342450964e-05
240 4.222202354e-05
241 -0.0001461752825
242 -0.0001763717104
243 8.529462742e-06
244 8.09276531e-05
245 -9.162437995e-05
246 -0.0002120342347
247 -6.953367277e-05
248 9.219735313e-05
249 -7.436346969e-06
250 -0.0002039629026
251 -0.0001662603777
252 4.588991405e-05
253 7.712274453e-05
254 -0.0001286502029
255 -0.0002366318409
256 -6.779212533e-05
257 0.0001050870698
258 -5.233016191e-07
259 -0.0002188204047
260 -0.000206762256
