# Chi-squared: 1853.574038
11 0.1918405978
12 0.1653326394
13 0.14349079
14 0.1253343078
15 0.1101121415
16 0.09725183373
17 0.08630939912
18 0.07693751918
19 0.06886175241
20 0.06186341123
21 0.05576683616
22 0.05042988275
23 0.04573671767
24 0.04159231592
25 0.03791822164
26 0.03464925857
27 0.03173096038
28 0.02911755113
29 0.02677034874
30 0.02465649565
31 0.02274794413
32 0.02102064045
33 0.01945386539
34 0.01802969805
35 0.01673257762
36 0.01554894312
37 0.01446693574
38 0.01347615167
39 0.01256743565
40 0.01173270792
41 0.0109648184
42 0.01025742322
43 0.009604879873
44 0.009002157812
45 0.008444761829
46 0.007928666313
47 0.00745025857
48 0.007006289846
49 0.006593832877
50 0.006210245015
51 0.00585313611
52 0.005520340496
53 0.005209892509
54 0.004920005068
55 0.004649050936
56 0.00439554633
57 0.004158136604
58 0.003935583789
59 0.003726755802
60 0.003530617174
61 0.003346221176
62 0.003172703238
63 0.003009275585
64 0.002855223002
65 0.002709899654
66 0.00257272689
67 0.002443191904
68 0.002320847142
69 0.002205310285
70 0.002096264573
71 0.001993459219
72 0.001896709572
73 0.001805896634
74 0.001720965515
75 0.001641922342
76 0.001568829183
77 0.00150179654
78 0.001440973082
79 0.001386532464
80 0.00133865712
81 0.001297519284
82 0.001263259949
83 0.001235966178
84 0.001215647759
85 0.001202215565
86 0.001195461465
87 0.001195041383
88 0.001200466815
89 0.001211098545
90 0.001226149617
91 0.001244702349
92 0.001265717595
93 0.001288073042
94 0.001310592267
95 0.001332072256
96 0.001351355715
97 0.001367321038
98 0.001378983933
99 0.001385475333
100 0.001386100758
101 0.001380379351
102 0.001367969303
103 0.001348840684
104 0.001323007885
105 0.001290870782
106 0.001252746201
107 0.001209376543
108 0.001161279874
109 0.001109422873
110 0.00105439254
111 0.0009972698819
112 0.0009385648885
113 0.0008794039568
114 0.0008200747621
115 0.0007617378984
116 0.0007043293408
117 0.0006490776212
118 0.0005954881891
119 0.0005448729787
120 0.0004963601283
121 0.0004512132464
122 0.0004085016085
123 0.000369005342
124 0.0003324152549
125 0.0002982753438
126 0.0002677556996
127 0.0002385255723
128 0.0002135190421
129 0.0001890212098
130 0.0001683153676
131 0.0001488154546
132 0.00013086141
133 0.0001164629546
134 0.0001005226518
135 8.989663336e-05
136 7.715927701e-05
137 6.732501835e-05
138 5.974300419e-05
139 4.887881715e-05
140 4.528204986e-05
141 3.628865693e-05
142 3.116214931e-05
143 2.877959927e-05
144 1.952063637e-05
145 2.086290692e-05
146 1.484280404e-05
147 9.948476633e-06
148 1.361433827e-05
149 3.741493494e-06
150 6.073249111e-06
151 6.727827968e-06
152 -3.481377657e-06
153 5.17948348e-06
154 -2.29748708e-07
155 -6.808437148e-06
156 5.056822381e-06
157 -6.637936334e-06
158 -7.269012792e-06
159 4.726558027e-06
160 -1.198285601e-05
161 -6.207899337e-06
162 4.194338879e-06
163 -1.624951984e-05
164 -4.769959636e-06
165 3.93993461e-06
166 -1.976440242e-05
167 -3.827676109e-06
168 4.556862054e-06
169 -2.285061259e-05
170 -4.172328272e-06
171 6.546633858e-06
172 -2.545945549e-05
173 -6.722867051e-06
174 1.007816216e-05
175 -2.681463725e-05
176 -1.250899891e-05
177 1.452073511e-05
178 -2.519132614e-05
179 -2.214676285e-05
180 1.775050188e-05
181 -1.823390068e-05
182 -3.459174578e-05
183 1.571697938e-05
184 -4.475903084e-06
185 -4.549446964e-05
186 3.47928038e-06
187 1.36406755e-05
188 -4.677149899e-05
189 -2.087488712e-05
190 2.678135975e-05
191 -3.032443748e-05
192 -5.001687608e-05
193 2.035515927e-05
194 2.534864691e-06
195 -6.465304506e-05
196 -1.40776735e-05
197 3.170266182e-05
198 -4.432911809e-05
199 -6.113737276e-05
200 2.466381687e-05
201 6.342350821e-06
202 -7.885539039e-05
203 -3.015352458e-05
204 4.085293307e-05
205 -3.560009212e-05
206 -8.804980024e-05
207 5.903379939e-06
208 3.286711521e-05
209 -7.444825052e-05
210 -7.812985692e-05
211 3.310742653e-05
212 1.144231378e-05
213 -0.0001022028973
214 -6.088093817e-05
215 4.895364739e-05
216 -1.226306756e-05
217 -0.0001200929169
218 -4.547749342e-05
219 5.712231501e-05
220 -3.111267561e-05
221 -0.0001327971034
222 -3.717442085e-05
223 6.229453264e-05
224 -4.129988819e-05
225 -0.0001443750651
226 -3.900715112e-05
227 6.723405921e-05
228 -4.033753358e-05
229 -0.0001561403309
230 -5.342188527e-05
231 7.130897054e-05
232 -2.597919425e-05
233 -0.0001653705078
234 -8.233219582e-05
235 6.950524172e-05
236 2.847359673e-06
237 -0.0001645158059
238 -0.0001249018605
239 5.224225073e-05
240 4.264282125e-05
241 -0.0001421442154
242 -0.0001731375152
243 7.96728213e-06
244 8.037138264e-05
245 -8.821818006e-05
246 -0.0002075229885
247 -6.869989826e-05
248 9.094690075e-05
249 -5.46890788e-06
250 -0.0001988044874
251 -0.0001632999383
252 4.494888328e-05
253 7.718269989e-05
254 -0.0001241955386
255 -0.0002315267569
256 -6.685968951e-05
257 0.0001038460445
258 1.705002618e-06
259 -0.0002129443592
260 -0.0002026826847
