# Chi-squared: 1853.578263
11 0.1918613315
12 0.1653465339
13 0.1435001963
14 0.1253407199
15 0.1101165373
16 0.09725485909
17 0.08631148647
18 0.07693896074
19 0.0688627476
20 0.06186409741
21 0.05576730884
22 0.05043020893
23 0.04573694477
24 0.04159247781
25 0.03791834262
26 0.03464935615
27 0.03173104717
28 0.02911763618
29 0.02677043841
30 0.02465659434
31 0.02274805474
32 0.02102076476
33 0.01945400432
34 0.01802985188
35 0.01673274615
36 0.0155491258
37 0.0144671318
38 0.01347636013
39 0.01256765544
40 0.01173293792
41 0.01096505745
42 0.01025767015
43 0.009605133579
44 0.009002417199
45 0.008445025862
46 0.007928934017
47 0.007450529034
48 0.007006562227
49 0.006594106402
50 0.006210518979
51 0.005853409877
52 0.005520613496
53 0.005210164236
54 0.004920275077
55 0.004649318841
56 0.004395811795
57 0.004158399341
58 0.003935843554
59 0.003727012384
60 0.00353087039
61 0.00334647086
62 0.003172949235
63 0.003009517735
64 0.002855461129
65 0.002710133552
66 0.002572956308
67 0.00244341653
68 0.002321066589
69 0.002205524072
70 0.002096472117
71 0.00199365982
72 0.001896902405
73 0.001806080751
74 0.001721139844
75 0.001642085701
76 0.001568980298
77 0.001501934067
78 0.001441095647
79 0.001386638699
80 0.001338745707
81 0.001297589003
82 0.001263309721
83 0.00123599511
84 0.001215655174
85 0.00120220103
86 0.001195424802
87 0.001194982667
88 0.001200386364
89 0.001210996889
90 0.00122602747
91 0.001244560563
92 0.001265557119
93 0.001287894887
94 0.001310397462
95 0.001331861838
96 0.001351130706
97 0.001367082448
98 0.001378732787
99 0.001385212661
100 0.001385827667
101 0.001380097011
102 0.001367679009
103 0.001348543871
104 0.001322706111
105 0.001290565811
106 0.001252439845
107 0.001209070859
108 0.001160976826
109 0.001109124675
110 0.001054101128
111 0.000996987435
112 0.0009382930983
113 0.0008791447826
114 0.0008198294322
115 0.0007615080416
116 0.0007041155327
117 0.0006488811618
118 0.0005953088544
119 0.0005447118536
120 0.0004962161102
121 0.000451087352
122 0.0004083919355
123 0.0003689128274
124 0.0003323376289
125 0.0002982130114
126 0.0002677070166
127 0.0002384893802
128 0.0002134957292
129 0.0001890069538
130 0.0001683133669
131 0.0001488195883
132 0.0001308759986
133 0.0001164830434
134 0.0001005488757
135 8.993054869e-05
136 7.719369208e-05
137 6.736894594e-05
138 5.97854643e-05
139 4.892679019e-05
140 4.533395736e-05
141 3.633677914e-05
142 3.122055503e-05
143 2.883118291e-05
144 1.957681808e-05
145 2.092348391e-05
146 1.489339818e-05
147 1.001227701e-05
148 1.366978787e-05
149 3.795143172e-06
150 6.139520745e-06
151 6.776281408e-06
152 -3.421625699e-06
153 5.242005572e-06
154 -1.85792983e-07
155 -6.742736015e-06
156 5.111607188e-06
157 -6.594880223e-06
158 -7.199526258e-06
159 4.772473292e-06
160 -1.193821397e-05
161 -6.136828363e-06
162 4.232059621e-06
163 -1.620249382e-05
164 -4.698321191e-06
165 3.970756465e-06
166 -1.971564579e-05
167 -3.754976852e-06
168 4.582139738e-06
169 -2.280198224e-05
170 -4.096804443e-06
171 6.567982884e-06
172 -2.541403905e-05
173 -6.642148985e-06
174 1.00983288e-05
175 -2.677683316e-05
176 -1.242139688e-05
177 1.454486763e-05
178 -2.516628802e-05
179 -2.205346536e-05
180 1.778706825e-05
181 -1.822531775e-05
182 -3.449965159e-05
183 1.57766985e-05
184 -4.481429883e-06
185 -4.541778251e-05
186 3.569892908e-06
187 1.363497974e-05
188 -4.67281266e-05
189 -2.075845063e-05
190 2.680214614e-05
191 -3.032341386e-05
192 -4.990134795e-05
193 2.04300115e-05
194 2.511621888e-06
195 -6.458109027e-05
196 -1.394723368e-05
197 3.170651423e-05
198 -4.432722464e-05
199 -6.099918162e-05
200 2.474877395e-05
201 6.307376213e-06
202 -7.878625561e-05
203 -2.999444312e-05
204 4.087358504e-05
205 -3.562562041e-05
206 -8.791364768e-05
207 6.042121456e-06
208 3.283847729e-05
209 -7.443326217e-05
210 -7.794856935e-05
211 3.320733126e-05
212 1.138886255e-05
213 -0.000102139042
214 -6.067631539e-05
215 4.90154407e-05
216 -1.232347513e-05
217 -0.0001199863538
218 -4.526141723e-05
219 5.715645724e-05
220 -3.11732401e-05
221 -0.0001326600621
222 -3.694834663e-05
223 6.231493388e-05
224 -4.136280163e-05
225 -0.0001442220674
226 -3.876563978e-05
227 6.725660304e-05
228 -4.040957956e-05
229 -0.0001559885376
230 -5.315758484e-05
231 7.135304137e-05
232 -2.606611533e-05
233 -0.0001652416742
234 -8.204228198e-05
235 6.959527856e-05
236 2.74828859e-06
237 -0.000164436351
238 -0.0001245964689
239 5.240539619e-05
240 4.255168058e-05
241 -0.0001421389822
242 -0.0001728483349
243 8.222644759e-06
244 8.033175869e-05
245 -8.829427025e-05
246 -0.0002073047857
247 -6.836216818e-05
248 9.101952768e-05
249 -5.592376149e-06
250 -0.0001987170732
251 -0.0001629414346
252 4.518118586e-05
253 7.710067095e-05
254 -0.0001242586677
255 -0.0002312598299
256 -6.648743399e-05
257 0.0001039242258
258 1.563845538e-06
259 -0.0002128717348
260 -0.0002023094326
