# Chi-squared: 9.36896273
51 0.004443095378
52 0.004162438552
53 0.003900897151
54 0.003656793205
55 0.003428790258
56 0.003215623178
57 0.003016151445
58 0.002829332308
59 0.002654216044
60 0.002489937237
61 0.002335708482
62 0.002190814762
63 0.00205460878
64 0.001926507038
65 0.00180598657
66 0.001692582205
67 0.001585884234
68 0.001485536329
69 0.00139123358
70 0.001302720472
71 0.001219788638
72 0.001142274223
73 0.00107005467
74 0.001003044793
75 0.0009411919919
76 0.0008844705074
77 0.0008328746773
78 0.000786411188
79 0.0007450904048
80 0.0007089169299
81 0.0006778796188
82 0.000651941363
83 0.0006310290164
84 0.0006150238963
85 0.0006037533293
86 0.0005969837177
87 0.0005944155874
88 0.000595681025
89 0.0006003438294
90 0.0006079025951
91 0.0006177968053
92 0.0006294158658
93 0.0006421108492
94 0.0006552085657
95 0.0006680274364
96 0.0006798945282
97 0.0006901630288
98 0.0006982293989
99 0.0007035494387
100 0.0007056525578
101 0.0007041536223
102 0.0006987618813
103 0.0006892866258
104 0.0006756394024
105 0.0006578327804
106 0.0006359758356
107 0.0006102666722
108 0.0005809824273
109 0.0005484672938
110 0.0005131191572
111 0.0004753754786
112 0.0004356990265
113 0.000394563992
114 0.0003524430036
115 0.0003097954892
116 0.0002670575792
117 0.0002246337581
118 0.0001828905696
119 0.0001421521166
120 0.0001026971482
121 6.475827101e-05
122 2.852241815e-05
123 -5.868023805e-06
124 -3.831188603e-05
125 -6.874591477e-05
126 -9.714189276e-05
127 -0.0001235006315
128 -0.0001478488814
129 -0.0001702359788
130 -0.0001907261628
131 -0.0002093996204
132 -0.0002263459607
133 -0.0002416589857
134 -0.0002554428137
135 -0.0002677958685
136 -0.0002788221486
137 -0.0002886244301
138 -0.0002972934669
139 -0.0003049347338
140 -0.0003116242266
141 -0.0003174588766
142 -0.000322511532
143 -0.0003268533404
144 -0.0003305689733
145 -0.0003336917704
146 -0.0003363246806
147 -0.0003384646975
148 -0.0003402260459
149 -0.0003415841735
150 -0.0003426474872
151 -0.0003433915868
152 -0.0003438991708
153 -0.0003441669694
154 -0.0003442357605
155 -0.0003441383962
156 -0.0003438648536
157 -0.000343490573
158 -0.0003429549045
159 -0.0003423722321
160 -0.0003416424572
161 -0.0003409023115
162 -0.0003400384773
163 -0.0003391751752
164 -0.0003382334613
165 -0.0003372654209
166 -0.0003363007776
167 -0.0003352331019
168 -0.0003342975481
169 -0.0003331301368
170 -0.0003322628787
171 -0.0003310075593
172 -0.0003302152044
173 -0.0003289203945
174 -0.0003281541455
175 -0.0003269231694
176 -0.0003260750832
177 -0.0003250489656
178 -0.0003239999282
179 -0.0003232765318
180 -0.0003220080805
181 -0.0003215158944
182 -0.000320224223
183 -0.000319662059
184 -0.0003187218436
185 -0.0003177285042
186 -0.0003173836071
187 -0.0003159498693
188 -0.0003158961978
189 -0.0003146424792
190 -0.0003140544623
191 -0.0003137812663
192 -0.0003121880709
193 -0.000312750443
194 -0.0003110462776
195 -0.0003109355067
196 -0.000310791327
197 -0.0003088509325
198 -0.0003102380782
199 -0.0003080096147
200 -0.0003081601781
