# Chi-squared: 10.74826817
52 0.003332407617
53 0.003071684148
54 0.002828619303
55 0.002601715941
56 0.002389732561
57 0.002191498475
58 0.002005951817
59 0.001832116626
60 0.001669098519
61 0.001516076682
62 0.001372298217
63 0.001237073127
64 0.001109770338
65 0.000989814605
66 0.0008766843046
67 0.0007699100717
68 0.0006690742389
69 0.0005738110178
70 0.0004838073291
71 0.0003988041503
72 0.0003185981972
73 0.000243043694
74 0.0001720539159
75 0.0001056021242
76 4.372144335e-05
77 -1.349681118e-05
78 -6.590686892e-05
79 -0.0001133147968
80 -0.0001554877711
81 -0.0001921666238
82 -0.0002230817679
83 -0.000247972357
84 -0.0002666082421
85 -0.0002788139613
86 -0.0002844936757
87 -0.0002836556732
88 -0.0002764348404
89 -0.0002631113874
90 -0.0002441241294
91 -0.0002200767976
92 -0.0001917361835
93 -0.0001600213902
94 -0.0001259840492
95 -9.078001137e-05
96 -5.563367805e-05
97 -2.179673778e-05
98 9.496438767e-06
99 3.707417892e-05
100 5.987098189e-05
101 7.696650835e-05
102 8.76178197e-05
103 9.128309007e-05
104 8.763563445e-05
105 7.656778564e-05
106 5.818484764e-05
107 3.278999178e-05
108 8.614947499e-07
109 -3.697589709e-05
110 -7.998347949e-05
111 -0.0001273429294
112 -0.0001781905124
113 -0.0002316494386
114 -0.0002868590035
115 -0.0003429994871
116 -0.0003993121292
117 -0.0004551140059
118 -0.0005098079585
119 -0.0005628877007
120 -0.0006139387405
121 -0.0006626361766
122 -0.0007087394604
123 -0.000752084886
124 -0.0007925777613
125 -0.0008301830317
126 -0.0008649151312
127 -0.0008968306158
128 -0.0009260183417
129 -0.0009525908161
130 -0.0009766810156
131 -0.0009984313402
132 -0.001017991606
133 -0.001035517575
134 -0.001051157895
135 -0.001065065842
136 -0.001077384657
137 -0.001088249644
138 -0.001097798693
139 -0.00110614436
140 -0.001113411618
141 -0.001119699344
142 -0.001125106803
143 -0.001129730609
144 -0.001133639125
145 -0.001136927237
146 -0.001139641795
147 -0.001141864274
148 -0.001143638016
149 -0.001145017004
150 -0.001146055509
151 -0.001146774559
152 -0.001147241647
153 -0.001147452602
154 -0.001147477397
155 -0.001147305167
156 -0.001146989302
157 -0.001146535465
158 -0.001145959548
159 -0.001145305283
160 -0.00114453451
161 -0.001143742705
162 -0.0011428322
163 -0.001141948158
164 -0.00114094879
165 -0.001139999101
166 -0.001138963951
167 -0.001137954351
168 -0.001136943966
169 -0.001135859664
170 -0.001134941144
171 -0.001133756006
172 -0.001132988867
173 -0.001131690459
174 -0.00113109411
175 -0.001129725114
176 -0.001129235972
177 -0.001127931855
178 -0.001127384801
179 -0.001126359445
180 -0.001125549931
181 -0.001124977922
182 -0.001123831783
183 -0.001123649244
184 -0.00112240756
185 -0.001122205731
186 -0.001121384035
187 -0.001120653266
188 -0.001120588307
189 -0.001119316848
190 -0.001119580059
191 -0.001118606609
192 -0.001118124391
193 -0.001118401511
194 -0.001116757677
195 -0.001117814486
196 -0.001116441908
197 -0.001116212746
198 -0.001117071238
199 -0.001114647964
200 -0.001116847347
