# Chi-squared: 6.390053094
51 0.004760569595
52 0.004472705468
53 0.004204315673
54 0.00395372947
55 0.00371957093
56 0.003500546962
57 0.003295486363
58 0.003103315072
59 0.002923049939
60 0.002753789263
61 0.002594705649
62 0.002445039627
63 0.002304094364
64 0.002171231324
65 0.002045866876
66 0.001927469821
67 0.001815559822
68 0.001709706713
69 0.001609530669
70 0.001514703168
71 0.00142494867
72 0.001340046829
73 0.001259835032
74 0.001184210897
75 0.001113134303
76 0.001046628367
77 0.0009847787267
78 0.0009277303932
79 0.0008756814578
80 0.0008288729929
81 0.0007875746726
82 0.0007520659041
83 0.000722612649
84 0.0006994405743
85 0.0006827056915
86 0.0006724641521
87 0.0006686433086
88 0.0006710164542
89 0.0006791837473
90 0.0006925616691
91 0.0007103829277
92 0.0007317080267
93 0.0007554488103
94 0.0007804032699
95 0.0008052998571
96 0.0008288486182
97 0.0008497957576
98 0.0008669778418
99 0.0008793718281
100 0.0008861374386
101 0.0008866490732
102 0.0008805153743
103 0.0008675856172
104 0.0008479431817
105 0.0008218873486
106 0.000789905464
107 0.0007526380578
108 0.0007108397631
109 0.0006653388609
110 0.0006169980349
111 0.0005666784823
112 0.0005152089528
113 0.0004633607175
114 0.0004118289571
115 0.0003612204622
116 0.0003120471021
117 0.0002647244982
118 0.0002195749476
119 0.0001768332696
120 0.0001366551366
121 9.912699833e-05
122 6.427581308e-05
123 3.207952748e-05
124 2.477422594e-06
125 -2.462225156e-05
126 -4.933304709e-05
127 -7.178315446e-05
128 -9.211213242e-05
129 -0.0001104619644
130 -0.0001269767083
131 -0.00014179991
132 -0.000155066145
133 -0.000166911085
134 -0.0001774571938
135 -0.00018682166
136 -0.0001951187897
137 -0.0002024413984
138 -0.00020889537
139 -0.0002145546793
140 -0.0002195075853
141 -0.0002238236486
142 -0.0002275612578
143 -0.0002307988635
144 -0.0002335592947
145 -0.00023593352
146 -0.000237914499
147 -0.0002395981878
148 -0.0002409625621
149 -0.0002420943281
150 -0.0002429746483
151 -0.000243666078
152 -0.0002441689193
153 -0.0002445103903
154 -0.0002447205236
155 -0.000244785756
156 -0.0002447698739
157 -0.0002446196987
158 -0.0002444292987
159 -0.0002441151731
160 -0.0002437883144
161 -0.0002433559403
162 -0.0002429178879
163 -0.0002424108505
164 -0.0002418742243
165 -0.0002413367069
166 -0.0002407028346
167 -0.0002401791231
168 -0.0002394436855
169 -0.0002389709249
170 -0.0002381375249
171 -0.0002377289284
172 -0.0002368312737
173 -0.000236452903
174 -0.0002355767775
175 -0.0002351340029
176 -0.0002344151838
177 -0.000233778977
178 -0.0002333456124
179 -0.0002324433662
180 -0.0002322975795
181 -0.0002312410507
182 -0.0002311521631
183 -0.0002302826342
184 -0.0002298480384
185 -0.0002295402374
186 -0.0002285202934
187 -0.000228758832
188 -0.0002274907444
189 -0.0002276175388
190 -0.0002269543532
191 -0.0002261526543
192 -0.0002265749832
193 -0.0002249746522
194 -0.0002256316589
195 -0.0002246705599
196 -0.0002239846285
197 -0.0002247587487
198 -0.000222735381
199 -0.0002238617968
200 -0.0002230211051
