# Chi-squared: 7.201396801
51 0.004296514144
52 0.003996278441
53 0.003716142406
54 0.003454388221
55 0.003209602359
56 0.002980456132
57 0.002765746163
58 0.002564368854
59 0.002375313982
60 0.002197654927
61 0.002030541295
62 0.001873192297
63 0.001724891246
64 0.001584981003
65 0.001452860379
66 0.001327981461
67 0.00120984784
68 0.001098013722
69 0.0009920839015
70 0.0008917145417
71 0.0007966146763
72 0.0007065482891
73 0.0006213367475
74 0.0005408612639
75 0.000465064954
76 0.0003939539411
77 0.0003275968596
78 0.0002661220415
79 0.0002097116568
80 0.000158592144
81 0.0001130204215
82 7.326563987e-05
83 3.95866011e-05
84 1.22054312e-05
85 -8.721393626e-06
86 -2.313305155e-05
87 -3.109334079e-05
88 -3.281621746e-05
89 -2.868539856e-05
90 -1.926565811e-05
91 -5.303856048e-06
92 1.228158321e-05
93 3.242313182e-05
94 5.393792356e-05
95 7.55711418e-05
96 9.604640513e-05
97 0.0001141197986
98 0.000128633782
99 0.0001385671529
100 0.0001430775663
101 0.0001415337647
102 0.0001335355891
103 0.0001189208966
104 9.775959793e-05
105 7.033602109e-05
106 3.712161513e-05
107 -1.259437304e-06
108 -4.406886482e-05
109 -9.049438773e-05
110 -0.0001396886526
111 -0.0001908048703
112 -0.0002430275799
113 -0.0002955975391
114 -0.0003478302444
115 -0.0003991281789
116 -0.0004489873326
117 -0.0004969985705
118 -0.0005428447591
119 -0.0005862949946
120 -0.0006271964151
121 -0.0006654643692
122 -0.0007010727866
123 -0.0007340439239
124 -0.0007644380499
125 -0.000792345929
126 -0.0008178798851
127 -0.0008411664467
128 -0.0008623433806
129 -0.0008815509257
130 -0.0008989309869
131 -0.0009146253908
132 -0.0009287668091
133 -0.000941488892
134 -0.0009529129012
135 -0.000963153852
136 -0.0009723250796
137 -0.0009805180001
138 -0.0009878368062
139 -0.0009943555448
140 -0.001000159933
141 -0.001005320441
142 -0.001009893362
143 -0.001013957042
144 -0.001017534626
145 -0.001020714122
146 -0.001023492489
147 -0.001025959268
148 -0.001028099804
149 -0.001029992032
150 -0.001031625963
151 -0.001033055431
152 -0.001034288243
153 -0.001035345897
154 -0.001036261607
155 -0.001037021871
156 -0.00103768681
157 -0.001038211175
158 -0.001038676942
159 -0.001039017263
160 -0.001039322671
161 -0.001039524413
162 -0.001039696551
163 -0.001039801797
164 -0.001039856893
165 -0.001039906178
166 -0.001039851813
167 -0.001039882865
168 -0.001039723973
169 -0.001039764812
170 -0.001039515718
171 -0.001039571069
172 -0.001039272342
173 -0.001039308143
174 -0.001039038599
175 -0.001038979876
176 -0.001038843426
177 -0.001038608486
178 -0.001038675645
179 -0.001038256354
180 -0.001038471598
181 -0.001038018586
182 -0.001038150895
183 -0.001037954936
184 -0.00103771381
185 -0.001037983744
186 -0.001037328527
187 -0.001037861536
188 -0.001037251301
189 -0.001037392203
190 -0.001037515734
191 -0.001036773062
192 -0.001037684973
193 -0.001036601449
194 -0.00103720168
195 -0.001037167628
196 -0.001036283622
197 -0.001037703055
198 -0.001036109734
199 -0.001037062085
200 -0.001037289716
