# Chi-squared: 7.167161809
51 0.004255006941
52 0.003954687008
53 0.003674630648
54 0.00341311026
55 0.003168693042
56 0.002940035625
57 0.002725920673
58 0.002525232097
59 0.002336948232
60 0.00216013197
61 0.001993923201
62 0.001837532062
63 0.001690233304
64 0.001551361628
65 0.001420308
66 0.0012965169
67 0.001179484498
68 0.001068757746
69 0.0009639343668
70 0.0008646637066
71 0.0007706483881
72 0.000681646636
73 0.0005974750687
74 0.0005180116393
75 0.0004431982868
76 0.0003730427215
77 0.000307618649
78 0.0002470636428
79 0.0001915738399
80 0.0001413946786
81 9.680704576e-05
82 5.810847754e-05
83 2.558944826e-05
84 -4.947037532e-07
85 -1.995508493e-05
86 -3.27020587e-05
87 -3.877728837e-05
88 -3.83823391e-05
89 -3.190099523e-05
90 -1.991256833e-05
91 -3.193915207e-06
92 1.729135617e-05
93 4.041699584e-05
94 6.493086098e-05
95 8.950242292e-05
96 0.0001127780603
97 0.0001334403328
98 0.0001502669618
99 0.0001621852022
100 0.000168317689
101 0.00016801662
102 0.0001608842086
103 0.0001467785673
104 0.0001258054179
105 9.829714251e-05
106 6.478156729e-05
107 2.594344883e-05
108 -1.741812784e-05
109 -6.443330783e-05
110 -0.0001142031789
111 -0.0001658373691
112 -0.0002184859315
113 -0.0002713645683
114 -0.0003237728172
115 -0.0003751054659
116 -0.0004248578891
117 -0.0004726260306
118 -0.0005181021318
119 -0.0005610676207
120 -0.0006013836626
121 -0.0006389803571
122 -0.0006738463215
123 -0.0007060176996
124 -0.000735567599
125 -0.0007625982907
126 -0.000787231935
127 -0.0008096036676
128 -0.0008298582889
129 -0.0008481416151
130 -0.000864600466
131 -0.0008793798803
132 -0.0008926154178
133 -0.0009044429305
134 -0.0009149844844
135 -0.0009243569664
136 -0.0009326734111
137 -0.0009400260366
138 -0.0009465193784
139 -0.0009522262503
140 -0.0009572341598
141 -0.0009616108443
142 -0.0009654145981
143 -0.0009687218263
144 -0.0009715553587
145 -0.0009740046792
146 -0.0009760621049
147 -0.0009778233089
148 -0.0009792645683
149 -0.0009804736367
150 -0.0009814290709
151 -0.0009821953606
152 -0.0009827699411
153 -0.0009831820031
154 -0.0009834593797
155 -0.0009835895002
156 -0.0009836356077
157 -0.0009835435501
158 -0.0009834093795
159 -0.0009831458834
160 -0.0009828691085
161 -0.00098247955
162 -0.0009820849736
163 -0.0009816131629
164 -0.0009811125504
165 -0.0009806037569
166 -0.0009799967564
167 -0.0009794976108
168 -0.0009787770173
169 -0.0009783284419
170 -0.0009774939252
171 -0.0009771136059
172 -0.0009761954329
173 -0.0009758520282
174 -0.0009749367105
175 -0.0009745316049
176 -0.0009737649798
177 -0.0009731537847
178 -0.0009726861385
179 -0.0009717705099
180 -0.0009716311619
181 -0.000970501073
182 -0.0009704695198
183 -0.0009694759699
184 -0.000969114764
185 -0.0009686938663
186 -0.0009676815717
187 -0.000967905188
188 -0.0009665092174
189 -0.0009667448397
190 -0.0009658599478
191 -0.0009651737347
192 -0.000965459056
193 -0.0009637847382
194 -0.0009645404515
195 -0.0009632806164
196 -0.0009628054424
197 -0.000963335075
198 -0.000961276093
199 -0.0009625208654
200 -0.0009612903688
