# Chi-squared: 6.619128597
51 0.004669793154
52 0.00438439952
53 0.00411833971
54 0.003869945961
55 0.003637853604
56 0.003420777724
57 0.003217555459
58 0.003027120713
59 0.00284849841
60 0.002680795261
61 0.002523192956
62 0.002374942116
63 0.002235357349
64 0.002103813258
65 0.001979741382
66 0.001862628014
67 0.001752012852
68 0.001647488416
69 0.001548700143
70 0.001455347023
71 0.001367182617
72 0.0012840162
73 0.00120571375
74 0.001132198408
75 0.00106344998
76 0.0009995030167
77 0.0009404429762
78 0.0008864000092
79 0.0008375399718
80 0.0007940524062
81 0.0007561354204
82 0.0007239776476
83 0.0006977377569
84 0.0006775223041
85 0.0006633630208
86 0.0006551949053
87 0.0006528366709
88 0.0006559751805
89 0.0006641554355
90 0.0006767774657
91 0.0006931010975
92 0.0007122590747
93 0.0007332784078
94 0.0007551091906
95 0.0007766595032
96 0.0007968344894
97 0.0008145773033
98 0.0008289094153
99 0.0008389677752
100 0.0008440365452
101 0.0008435715267
102 0.0008372159603
103 0.0008248070282
104 0.0008063730643
105 0.0007821221158
106 0.0007524230481
107 0.0007177807979
108 0.0006788076261
109 0.0006361923032
110 0.000590669099
111 0.0005429882454
112 0.0004938892114
113 0.0004440777861
114 0.0003942076512
115 0.0003448666627
116 0.0002965676901
117 0.0002497438761
118 0.0002047477874
119 0.0001618534431
120 0.0001212610521
121 8.310383396e-05
122 4.745514368e-05
123 1.433690094e-05
124 -1.627138977e-05
125 -4.442598074e-05
126 -7.021014028e-05
127 -9.372686125e-05
128 -0.0001150956947
129 -0.0001344432281
130 -0.0001519021028
131 -0.0001676084063
132 -0.0001816918147
133 -0.0001942858603
134 -0.0002055128867
135 -0.0002154908889
136 -0.0002243371073
137 -0.0002321468543
138 -0.000239030083
139 -0.0002450646719
140 -0.0002503425211
141 -0.0002549382767
142 -0.0002589130225
143 -0.0002623506672
144 -0.0002652763421
145 -0.0002677856146
146 -0.0002698743216
147 -0.0002716411425
148 -0.0002730681242
149 -0.0002742425371
150 -0.0002751506817
151 -0.0002758540742
152 -0.0002763583909
153 -0.0002766893758
154 -0.0002768814228
155 -0.0002769205036
156 -0.0002768723925
157 -0.0002766858841
158 -0.0002764534391
159 -0.0002760971254
160 -0.0002757219361
161 -0.0002752447441
162 -0.0002747551819
163 -0.0002742026984
164 -0.0002736145837
165 -0.0002730314109
166 -0.0002723500317
167 -0.0002717787763
168 -0.0002710051258
169 -0.0002704789089
170 -0.000269623117
171 -0.0002691497653
172 -0.0002682512531
173 -0.0002677936122
174 -0.0002669380646
175 -0.0002664070572
176 -0.0002657171699
177 -0.0002650050334
178 -0.0002645788508
179 -0.0002636491392
180 -0.0002634509833
181 -0.0002624472046
182 -0.0002622313243
183 -0.0002614837947
184 -0.0002608947947
185 -0.0002606951572
186 -0.0002596074534
187 -0.0002598186384
188 -0.0002586701404
189 -0.0002585945475
190 -0.0002581860278
191 -0.0002571655586
192 -0.0002577314421
193 -0.0002561707614
194 -0.0002566433759
195 -0.0002560390951
196 -0.0002550017797
197 -0.0002560685106
198 -0.0002540248568
199 -0.0002549409225
200 -0.0002545767098
