# Chi-squared: 735.5279193
51 0.00475626583
52 0.004490875911
53 0.00424327396
54 0.004011920967
55 0.003795570409
56 0.00359304389
57 0.00340327499
58 0.003225284627
59 0.003058175927
60 0.002901125397
61 0.002753376358
62 0.002614233
63 0.002483055447
64 0.00235925569
65 0.002242294395
66 0.002131678559
67 0.00202696001
68 0.001927734744
69 0.001833643114
70 0.00174437088
71 0.00165965111
72 0.00157926688
73 0.00150305464
74 0.001430908
75 0.001362781558
76 0.001298694226
77 0.00123873134
78 0.001183044717
79 0.00113184972
80 0.001085418344
81 0.001044067405
82 0.001008141296
83 0.0009779890015
84 0.0009539353351
85 0.0009362479404
86 0.0009251015438
87 0.000920540715
88 0.0009224465329
89 0.0009305088792
90 0.0009442053744
91 0.0009627978182
92 0.0009853379359
93 0.001010688009
94 0.001037566919
95 0.001064588682
96 0.001090334305
97 0.001113415566
98 0.001132526829
99 0.001146541479
100 0.001154510744
101 0.001155763535
102 0.001149876727
103 0.001136704196
104 0.0011163965
105 0.001089273486
106 0.001055983005
107 0.001017159554
108 0.0009737868781
109 0.0009266232738
110 0.000876804513
111 0.0008250286016
112 0.0007724373493
113 0.0007195154752
114 0.0006673446277
115 0.0006160726313
116 0.0005667533418
117 0.0005190855414
118 0.0004742182607
119 0.0004312938468
120 0.0003917167991
121 0.0003540226895
122 0.0003199313252
123 0.0002875410168
124 0.0002586008021
125 0.0002314163273
126 0.0002068859707
127 0.0001847622198
128 0.0001637401912
129 0.0001463385304
130 0.0001282410045
131 0.0001146135734
132 9.969164553e-05
133 8.807040983e-05
134 7.724434073e-05
135 6.589788107e-05
136 5.925384781e-05
137 4.843222182e-05
138 4.347976957e-05
139 3.607168489e-05
140 2.903740844e-05
141 2.696110401e-05
142 1.801864341e-05
143 1.726284307e-05
144 1.246497925e-05
145 6.499514913e-06
146 8.692210254e-06
147 2.283923903e-07
148 5.365575641e-07
149 3.683065657e-07
150 -8.28639931e-06
151 -2.66557605e-06
152 -7.991954268e-06
153 -1.290753836e-05
154 -5.412604954e-06
155 -1.549882095e-05
156 -1.474607373e-05
157 -8.591505133e-06
158 -2.154648444e-05
159 -1.517369167e-05
160 -1.207283319e-05
161 -2.620696606e-05
162 -1.51715281e-05
163 -1.536476364e-05
164 -2.998689269e-05
165 -1.526829428e-05
166 -1.79681231e-05
167 -3.348722107e-05
168 -1.577971358e-05
169 -1.944350477e-05
170 -3.715079822e-05
171 -1.710127956e-05
172 -1.939330414e-05
173 -4.104328579e-05
174 -1.992892867e-05
175 -1.75633329e-05
176 -4.458230147e-05
177 -2.528222814e-05
178 -1.422519805e-05
179 -4.62726392e-05
180 -3.410036651e-05
181 -1.086400885e-05
182 -4.38030699e-05
183 -4.615373746e-05
184 -1.079666219e-05
185 -3.517242207e-05
186 -5.841320898e-05
187 -1.867009401e-05
188 -2.125379556e-05
189 -6.440245512e-05
190 -3.65841589e-05
