# Chi-squared: 738.4600585
51 0.004748659229
52 0.004484011142
53 0.004237082059
54 0.004006346721
55 0.003790561004
56 0.003588551327
57 0.003399255003
58 0.003221696551
59 0.00305498238
60 0.002898292055
61 0.002750871762
62 0.002612028414
63 0.00248112475
64 0.002357575314
65 0.002240843296
66 0.002130438228
67 0.00202591452
68 0.001926870833
69 0.00183295031
70 0.001743841649
71 0.001659281025
72 0.00157905478
73 0.001503002745
74 0.001431021941
75 0.001363070251
76 0.001299169542
77 0.001239407491
78 0.001183937307
79 0.001132974415
80 0.001086789149
81 0.00104569457
82 0.001010028944
83 0.0009801325949
84 0.0009563191819
85 0.0009388430285
86 0.0009278638976
87 0.000923410574
88 0.0009253487431
89 0.000933354292
90 0.000946893673
91 0.0009652217771
92 0.0009873878939
93 0.001012258198
94 0.001038560923
95 0.001064924645
96 0.001089951367
97 0.001112274555
98 0.001130616374
99 0.001143874483
100 0.001151126098
101 0.001151723435
102 0.001145258599
103 0.001131605895
104 0.001110914792
105 0.001083522409
106 0.001050058402
107 0.001011172715
108 0.0009678164778
109 0.0009207645744
110 0.0008711090582
111 0.0008195704175
112 0.0007672366248
113 0.0007146276008
114 0.0006627577823
115 0.00061183184
116 0.0005628157088
117 0.0005154959702
118 0.0004709057162
119 0.0004283093871
120 0.0003889708203
121 0.0003515659611
122 0.0003176800431
123 0.0002855182052
124 0.00025677173
125 0.0002297318642
126 0.0002054059464
127 0.0001833381615
128 0.0001625231312
129 0.0001451338949
130 0.0001271801418
131 0.0001136195374
132 9.868828906e-05
133 8.725612515e-05
134 7.627887173e-05
135 6.514162838e-05
136 5.841570731e-05
137 4.756240808e-05
138 4.283106379e-05
139 3.507721675e-05
140 2.83931068e-05
141 2.610403617e-05
142 1.705233382e-05
143 1.670197327e-05
144 1.126382226e-05
145 5.799899862e-06
146 7.850763697e-06
147 -1.105677797e-06
148 6.910252674e-08
149 -1.004784616e-06
150 -9.41090545e-06
151 -3.205553874e-06
152 -9.853303128e-06
153 -1.36253092e-05
154 -6.370480646e-06
155 -1.76032429e-05
156 -1.50799473e-05
157 -1.017585803e-05
158 -2.363336071e-05
159 -1.526884094e-05
160 -1.433207174e-05
161 -2.811847812e-05
162 -1.516567587e-05
163 -1.825459837e-05
164 -3.169462461e-05
165 -1.521112784e-05
166 -2.142111384e-05
167 -3.50779252e-05
168 -1.56083838e-05
169 -2.339312132e-05
170 -3.881920051e-05
171 -1.665594749e-05
172 -2.37392571e-05
173 -4.310602336e-05
174 -1.90091213e-05
175 -2.20804949e-05
176 -4.748704972e-05
177 -2.377029786e-05
178 -1.84398961e-05
179 -5.053321368e-05
180 -3.217892742e-05
181 -1.397770614e-05
182 -4.976120869e-05
183 -4.457603342e-05
184 -1.182638314e-05
185 -4.253464765e-05
186 -5.861723104e-05
187 -1.701144296e-05
188 -2.85761236e-05
189 -6.807847855e-05
190 -3.293269126e-05
