# Chi-squared: 243.6121949
51 0.004875270402
52 0.004598562132
53 0.004340540551
54 0.004099589636
55 0.003874394161
56 0.003663713157
57 0.003466423481
58 0.003281494486
59 0.003107982457
60 0.002945021374
61 0.002791816041
62 0.002647635891
63 0.00251180985
64 0.002383722108
65 0.002262808814
66 0.002148555651
67 0.002040496307
68 0.001938211814
69 0.001841330766
70 0.001749530385
71 0.001662538387
72 0.001580135548
73 0.001502158767
74 0.001428504342
75 0.001359131016
76 0.001294062248
77 0.001233386979
78 0.001177258107
79 0.001125887827
80 0.001079538978
81 0.001038511677
82 0.001003124935
83 0.0009736931629
84 0.0009504977555
85 0.0009337554622
86 0.0009235850343
87 0.0009199732959
88 0.0009227459329
89 0.0009315440701
90 0.0009458073608
91 0.0009647741189
92 0.0009874889868
93 0.001012824697
94 0.001039527019
95 0.001066250156
96 0.0010916257
97 0.001114319483
98 0.001133080081
99 0.001146828312
100 0.001154652344
101 0.001155905752
102 0.001150172656
103 0.001137303303
104 0.001117426326
105 0.001090835593
106 0.00105813907
107 0.001019936086
108 0.0009771677992
109 0.0009305620722
110 0.0008812217798
111 0.0008298287684
112 0.0007775072313
113 0.0007247431823
114 0.0006726147428
115 0.0006212861017
116 0.0005718167727
117 0.0005239306304
118 0.0004787875801
119 0.000435553948
120 0.000395652056
121 0.0003576261858
122 0.0003232307613
123 0.0002905404878
124 0.000261368618
125 0.0002339558765
126 0.0002092910681
127 0.0001870443206
128 0.0001659786625
129 0.000148592215
130 0.0001305151751
131 0.0001170583769
132 0.0001022120604
133 9.087920991e-05
134 8.023690842e-05
135 6.91888824e-05
136 6.292792837e-05
137 5.232657719e-05
138 4.794367712e-05
139 4.077389613e-05
140 3.426668348e-05
141 3.270471377e-05
142 2.402227732e-05
143 2.407690739e-05
144 1.950058336e-05
145 1.415733892e-05
146 1.705997956e-05
147 8.712837527e-06
148 1.00450783e-05
149 1.017313415e-05
150 1.912732906e-06
151 8.657887794e-06
152 3.234440018e-06
153 -7.84299781e-07
154 7.572086227e-06
155 -2.752105002e-06
156 -6.284786021e-07
157 5.91528998e-06
158 -7.152252974e-06
159 8.992506518e-07
160 3.884602358e-06
161 -1.008436908e-05
162 2.778197214e-06
163 2.028185866e-06
164 -1.212920235e-05
165 4.492092687e-06
166 8.743802219e-07
167 -1.395909033e-05
168 5.756931347e-06
169 8.800381658e-07
170 -1.607787305e-05
171 6.200132511e-06
172 2.472851247e-06
173 -1.860118205e-05
174 5.114791372e-06
175 5.968157985e-06
176 -2.097267858e-05
177 1.408976849e-06
178 1.118357774e-05
179 -2.165974888e-05
180 -6.011535402e-06
181 1.670343939e-05
182 -1.818694072e-05
183 -1.713239307e-05
184 1.91482837e-05
185 -8.220317146e-06
186 -2.907208147e-05
187 1.352971921e-05
188 7.784692785e-06
189 -3.519248245e-05
190 -2.847810594e-06
