# Chi-squared: 243.6093563
51 0.004878748611
52 0.004601712733
53 0.004343389019
54 0.004102159483
55 0.003876706873
56 0.003665788443
57 0.003468279418
58 0.003283147672
59 0.003109448141
60 0.00294631358
61 0.002792947682
62 0.002648618878
63 0.00251265519
64 0.002384440005
65 0.002263408764
66 0.002149046536
67 0.002040886492
68 0.001938509243
69 0.001841543061
70 0.001749664947
71 0.001662602501
72 0.001580136481
73 0.001502103863
74 0.001428401106
75 0.001358987179
76 0.001293885804
77 0.00123318619
78 0.001177041461
79 0.00112566395
80 0.001079316496
81 0.001038299022
82 0.001002930117
83 0.0009735235066
84 0.000950359624
85 0.0009336540003
86 0.0009235239451
87 0.0009199546798
88 0.0009227702195
89 0.0009316100399
90 0.0009459122741
91 0.0009649139583
92 0.00098765874
93 0.001013018746
94 0.00103973951
95 0.001066475333
96 0.001091858304
97 0.001114554848
98 0.001133314447
99 0.001147058713
100 0.001154876645
101 0.001156122574
102 0.001150380964
103 0.001137502682
104 0.001117616051
105 0.001091015467
106 0.001058308034
107 0.001020093659
108 0.0009773123158
109 0.0009306926847
110 0.0008813363206
111 0.000829926323
112 0.0007775854393
113 0.0007248015671
114 0.0006726510484
115 0.000621300794
116 0.0005718078583
117 0.0005238998286
118 0.0004787332299
119 0.0004354789321
120 0.0003955552875
121 0.0003575109733
122 0.0003230973553
123 0.0002903911149
124 0.000261206186
125 0.0002337797593
126 0.0002091077464
127 0.0001868500009
128 0.0001657817164
129 0.0001483891937
130 0.0001303104089
131 0.0001168559171
132 0.0001020052615
133 9.068337873e-05
134 8.003670503e-05
135 6.900032884e-05
136 6.274549913e-05
137 5.214449794e-05
138 4.778492861e-05
139 4.060617442e-05
140 3.412409673e-05
141 3.256907662e-05
142 2.38855097e-05
143 2.397901073e-05
144 1.938314714e-05
145 1.407329184e-05
146 1.699311468e-05
147 8.626158903e-06
148 1.002053819e-05
149 1.012372957e-05
150 1.87855296e-06
151 8.681369604e-06
152 3.202789876e-06
153 -7.509550124e-07
154 7.625910896e-06
155 -2.754198309e-06
156 -5.253097871e-07
157 5.986853842e-06
158 -7.111083695e-06
159 1.066106144e-06
160 3.969385446e-06
161 -9.991325665e-06
162 3.001213023e-06
163 2.127125823e-06
164 -1.198284637e-05
165 4.767109023e-06
166 9.904941364e-07
167 -1.376462033e-05
168 6.084739452e-06
169 1.017137873e-06
170 -1.58464687e-05
171 6.585583767e-06
172 2.637150189e-06
173 -1.834997929e-05
174 5.563535064e-06
175 6.172435666e-06
176 -2.072403187e-05
177 1.920906675e-06
178 1.145223301e-05
179 -2.143645051e-05
180 -5.452672268e-06
181 1.707399697e-05
182 -1.799924795e-05
183 -1.657001807e-05
184 1.966127946e-05
185 -8.044128728e-06
186 -2.857732678e-05
187 1.419902358e-05
188 8.027619712e-06
189 -3.483717048e-05
190 -2.074753712e-06
