# Chi-squared: 246.4808519
51 0.004809499046
52 0.004539008426
53 0.00428670631
54 0.004051030263
55 0.003830699063
56 0.003624506434
57 0.003431359813
58 0.003250256656
59 0.003080278771
60 0.002920583383
61 0.002770396398
62 0.002629006358
63 0.002495759403
64 0.002370055144
65 0.002251343407
66 0.002139121866
67 0.002032934528
68 0.001932371073
69 0.001837067072
70 0.001746705042
71 0.001661016348
72 0.001579783835
73 0.001502845048
74 0.001430095755
75 0.001361493369
76 0.001297059702
77 0.001236882343
78 0.001181113823
79 0.001129967692
80 0.001083710575
81 0.001042649392
82 0.001007113361
83 0.0009774305659
84 0.0009538992205
85 0.0009367553453
86 0.0009261382181
87 0.0009220549787
88 0.0009243499034
89 0.000932679073
90 0.0009464922726
91 0.0009650323291
92 0.0009873416335
93 0.001012285732
94 0.001038597968
95 0.001064917047
96 0.001089860104
97 0.001112076873
98 0.001130308634
99 0.001143469461
100 0.001150651883
101 0.001151220135
102 0.001144771752
103 0.001131187132
104 0.001110609314
105 0.001083377106
106 0.001050103998
107 0.001011440703
108 0.0009683166104
109 0.00092151051
110 0.0008720906386
111 0.0008207882114
112 0.0007686661343
113 0.0007162651382
114 0.0006645707235
115 0.0006138217934
116 0.0005649461154
117 0.0005177812066
118 0.000473307357
119 0.000430857257
120 0.0003916276365
121 0.000354371363
122 0.0003206072056
123 0.0002885992842
124 0.000260009453
125 0.0002331243439
126 0.0002090071326
127 0.000187093659
128 0.0001665368534
129 0.000149321552
130 0.0001316396523
131 0.0001183192459
132 0.0001036199726
133 9.252878343e-05
134 8.173684467e-05
135 7.099048607e-05
136 6.450123089e-05
137 5.39484615e-05
138 4.962802577e-05
139 4.202677394e-05
140 3.585180524e-05
141 3.377774798e-05
142 2.503200903e-05
143 2.521427494e-05
144 1.9814342e-05
145 1.496154014e-05
146 1.728119061e-05
147 8.460388263e-06
148 1.041345245e-05
149 9.251680637e-06
150 1.347715934e-06
151 8.185369616e-06
152 1.262464534e-06
153 -1.580001027e-06
154 5.905112332e-06
155 -5.51213919e-06
156 -1.764884389e-06
157 2.880299037e-06
158 -1.04520686e-05
159 -7.629875285e-07
160 -5.297833248e-07
161 -1.378595082e-05
162 4.524141642e-07
163 -3.70108044e-06
164 -1.621469707e-05
165 1.480108239e-06
166 -6.10287172e-06
167 -1.8512215e-05
168 2.168928166e-06
169 -7.298032405e-06
170 -2.128381497e-05
171 2.265558362e-06
172 -6.838287551e-06
173 -2.477822176e-05
174 1.132651342e-06
175 -4.282163545e-06
176 -2.86087792e-05
177 -2.375016287e-06
178 4.706711476e-07
179 -3.137737103e-05
180 -9.646987107e-06
181 6.419610465e-06
182 -3.051209116e-05
183 -2.130681571e-05
184 1.051932277e-05
185 -2.305849782e-05
186 -3.534555909e-05
187 7.550071634e-06
188 -8.171099916e-06
189 -4.564930442e-05
190 -6.556602958e-06
