# Chi-squared: 13535.49728
51 0.004460934913
52 0.004223355461
53 0.004001417212
54 0.003793762688
55 0.003599307914
56 0.003417022395
57 0.00324597396
58 0.003085305759
59 0.002934232243
60 0.002792031279
61 0.002658038306
62 0.002531641001
63 0.002412274855
64 0.00229941958
65 0.002192596315
66 0.002091365605
67 0.001995326086
68 0.001904113878
69 0.001817402694
70 0.001734904729
71 0.001656372427
72 0.001581601184
73 0.001510432992
74 0.001442760919
75 0.001378534161
76 0.001317763204
77 0.001260524455
78 0.001206963452
79 0.00115729563
80 0.001111803427
81 0.001070828448
82 0.001034757653
83 0.001004002687
84 0.0009789717484
85 0.0009600349111
86 0.0009474842379
87 0.000941489944
88 0.000942058146
89 0.0009489932866
90 0.0009618669812
91 0.0009800050808
92 0.001002487745
93 0.001028166365
94 0.001055711064
95 0.001083655602
96 0.001110475751
97 0.001134668442
98 0.001154811798
99 0.00116967717
100 0.001178236889
101 0.001179768266
102 0.001173834764
103 0.001160301203
104 0.001139367645
105 0.001111412498
106 0.00107716906
107 0.001037347401
108 0.0009930179744
109 0.0009450012766
110 0.0008944948117
111 0.0008422268389
112 0.0007893659639
113 0.0007363916837
114 0.0006843820163
115 0.0006334525096
116 0.0005846337334
117 0.0005375813099
118 0.0004934078926
119 0.000451224562
120 0.0004123795762
121 0.0003754195678
122 0.0003419659655
123 0.0003102027466
124 0.0002817168338
125 0.0002549802047
126 0.0002306898614
127 0.0002087710492
128 0.000187806364
129 0.0001703039447
130 0.0001521439738
131 0.0001380882793
132 0.000122991941
133 0.0001107192406
134 9.947274948e-05
135 8.74991205e-05
136 7.998966094e-05
137 6.873729903e-05
138 6.253636025e-05
139 5.463690337e-05
140 4.650704774e-05
141 4.329858467e-05
142 3.387848831e-05
143 3.136299605e-05
144 2.612686353e-05
145 1.889074692e-05
146 1.952207469e-05
147 1.090979042e-05
148 9.020374307e-06
149 8.222331119e-06
150 -1.166730996e-06
151 1.98938902e-06
152 -3.055792736e-06
153 -9.824311298e-06
154 -4.241928958e-06
155 -1.36934177e-05
156 -1.586950746e-05
157 -1.059487935e-05
158 -2.316043058e-05
159 -2.043028162e-05
160 -1.709605245e-05
161 -3.143232676e-05
162 -2.439801682e-05
163 -2.338490712e-05
164 -3.885376574e-05
165 -2.832714474e-05
166 -2.903199671e-05
167 -4.586873142e-05
168 -3.260119794e-05
169 -3.36397599e-05
170 -5.278707665e-05
171 -3.766256544e-05
172 -3.687760748e-05
173 -5.956849479e-05
174 -4.417815737e-05
175 -3.862236818e-05
176 -6.558136687e-05
177 -5.300482897e-05
178 -3.933120152e-05
179 -6.942422514e-05
180 -6.474487873e-05
181 -4.062164169e-05
182 -6.915563053e-05
183 -7.8715809e-05
184 -4.564640406e-05
185 -6.349717359e-05
186 -9.160552092e-05
187 -5.82850571e-05
188 -5.419687298e-05
189 -9.733619444e-05
190 -7.937645811e-05
