# Chi-squared: 6.220458944
50 0.006618069835
51 0.006165681293
52 0.005744864464
53 0.005353036258
54 0.004987879363
55 0.004647296579
56 0.004329394216
57 0.004032462284
58 0.003754958512
59 0.003495494098
60 0.003252821237
61 0.003025821998
62 0.002813498291
63 0.002614962601
64 0.002429429258
65 0.00225620596
66 0.002094685352
67 0.001944336441
68 0.001804695706
69 0.001675357759
70 0.001555965509
71 0.001446199799
72 0.001345768582
73 0.001254395724
74 0.001171809637
75 0.001097732016
76 0.001031866888
77 0.0009738903278
78 0.0009234414906
79 0.0008801148492
80 0.0008434540339
81 0.000812948956
82 0.0007880337518
83 0.0007680878297
84 0.0007524423573
85 0.0007403826515
86 0.0007311619991
87 0.0007240116515
88 0.0007181495582
89 0.000712808457
90 0.0007072289812
91 0.0007007063206
92 0.000692569052
93 0.000682230737
94 0.0006691732105
95 0.0006529637147
96 0.0006333000526
97 0.0006099058198
98 0.0005827464027
99 0.0005516767271
100 0.0005169518247
101 0.0004785241991
102 0.0004369143055
103 0.0003921477641
104 0.0003449383962
105 0.0002953754834
106 0.0002442604294
107 0.0001917555206
108 0.0001386137589
109 8.512434301e-05
110 3.180391384e-05
111 -2.079368988e-05
112 -7.264595305e-05
113 -0.0001227182213
114 -0.0001717367542
115 -0.0002180546478
116 -0.0002631154113
117 -0.0003050176028
118 -0.0003451284794
119 -0.0003825817374
120 -0.0004169003597
121 -0.0004502345332
122 -0.0004784361237
123 -0.0005077172634
124 -0.0005304620522
125 -0.0005551490133
126 -0.0005738557606
127 -0.0005933138942
128 -0.0006092991036
129 -0.000623408935
130 -0.0006376142547
131 -0.0006464596393
132 -0.0006597478468
133 -0.0006639470319
134 -0.0006753783133
135 -0.0006788419432
136 -0.0006834308456
137 -0.0006923607583
138 -0.0006873936479
139 -0.0006992742719
140 -0.0006951606958
141 -0.0006957840962
142 -0.0007050284675
143 -0.0006923398322
144 -0.0007039110113
145 -0.0006992721764
146 -0.0006924195889
147 -0.0007054030289
148 -0.0006887521719
149 -0.0006956311049
150 -0.0006978777311
151 -0.0006801543298
152 -0.0006978426173
153 -0.0006841522349
154 -0.0006755855821
155 -0.0006961190841
156 -0.0006684075139
157 -0.0006737026088
158 -0.0006902990579
159 -0.0006534794596
160 -0.0006722680721
161 -0.0006818226673
162 -0.0006405415184
163 -0.0006697005214
164 -0.0006722696308
165 -0.0006294274701
166 -0.0006656399151
167 -0.0006632043187
168 -0.0006188078471
169 -0.0006603545686
170 -0.000656210332
171 -0.0006073396948
172 -0.0006534156235
173 -0.000653212511
174 -0.0005948000709
175 -0.0006425730974
176 -0.000655758506
177 -0.0005838505483
178 -0.0006240366459
179 -0.0006625458753
180 -0.0005803020453
181 -0.0005967370717
