# Chi-squared: 145.6502011
50 -0.02603820989
51 -0.02446710459
52 -0.02300330653
53 -0.02163838283
54 -0.02036455862
55 -0.01917485964
56 -0.01806297122
57 -0.0170231856
58 -0.01605033682
59 -0.01513974793
60 -0.01428718278
61 -0.0134888031
62 -0.01274112962
63 -0.01204100673
64 -0.01138556995
65 -0.01077221586
66 -0.01019857396
67 -0.009662480183
68 -0.009161951876
69 -0.008695163947
70 -0.008260426169
71 -0.00785616155
72 -0.007480885781
73 -0.00713318784
74 -0.00681171183
75 -0.006515140217
76 -0.006242178613
77 -0.005991542302
78 -0.005761944682
79 -0.005552087815
80 -0.005360655226
81 -0.005186307101
82 -0.005027677954
83 -0.004883376813
84 -0.004751989896
85 -0.004632085699
86 -0.004522222341
87 -0.004420956957
88 -0.004326856847
89 -0.004238512066
90 -0.004154549055
91 -0.004073644894
92 -0.003994541747
93 -0.003916061019
94 -0.003837116801
95 -0.003756728162
96 -0.003674029895
97 -0.003588281379
98 -0.003498873281
99 -0.003405331873
100 -0.003307320842
101 -0.003204640542
102 -0.003097224702
103 -0.002985134711
104 -0.002868551661
105 -0.002747766372
106 -0.002623167692
107 -0.002495229454
108 -0.002364496448
109 -0.00223156964
110 -0.002097091221
111 -0.001961729946
112 -0.001826166568
113 -0.001691080075
114 -0.001557135727
115 -0.001424973198
116 -0.001295196241
117 -0.001168366071
118 -0.001044992718
119 -0.0009255297315
120 -0.000810374427
121 -0.0006998595812
122 -0.0005942573204
123 -0.0004937824396
124 -0.0003985816977
125 -0.0003087557864
126 -0.0002243462109
127 -0.000145341634
128 -7.170371615e-05
129 -3.326819366e-06
130 5.989774203e-05
131 0.0001181312944
132 0.0001715543059
133 0.0002203460529
134 0.0002647486242
135 0.0003049437373
136 0.0003412058431
137 0.0003737224533
138 0.0004027672486
139 0.0004285371748
140 0.0004512855081
141 0.0004712120339
142 0.0004885451811
143 0.0005034767716
144 0.0005162089057
145 0.0005269240205
146 0.0005357859646
147 0.0005429845922
148 0.0005486181993
149 0.0005529176667
150 0.0005558784926
151 0.0005578121757
152 0.0005585780821
153 0.0005585954931
154 0.0005575798722
155 0.000556046137
156 0.000553615258
157 0.0005508085051
158 0.0005473016312
159 0.0005434096329
160 0.0005391567409
161 0.0005342801483
162 0.0005296052805
163 0.0005237823407
164 0.0005189752654
165 0.0005122429251
166 0.0005074920979
167 0.000499977499
168 0.0004952850072
169 0.0004872908216
170 0.0004824232971
171 0.0004744389787
172 0.000468984739
173 0.0004615703376
174 0.0004551185054
175 0.0004486997751
176 0.0004410453722
177 0.0004357550963
178 0.0004269999434
179 0.0004226317275
180 0.0004132313162
181 0.000409130122
182 0.0004001189894
183 0.0003948801109
184 0.0003880821884
185 0.0003797498341
186 0.0003768024191
187 0.0003648646671
188 0.0003643661217
189 0.0003526944806
190 0.000348569642
191 0.0003441117713
192 0.0003309892194
193 0.0003346440408
194 0.0003183730039
195 0.0003169932145
