# Chi-squared: 57.30947198
50 0.00586104095
51 0.005484698768
52 0.005134789762
53 0.004809149386
54 0.004505826954
55 0.004223055748
56 0.003959235345
57 0.003712918085
58 0.003482796069
59 0.003267690552
60 0.003066542591
61 0.002878404995
62 0.002702435255
63 0.002537889223
64 0.002384115311
65 0.002240548965
66 0.002106707189
67 0.001982182885
68 0.001866638801
69 0.001759800895
70 0.001661450952
71 0.00157141832
72 0.00148957071
73 0.001415804031
74 0.001350031322
75 0.001292170912
76 0.001242134004
77 0.001199811989
78 0.00116506382
79 0.001137703883
80 0.001117490808
81 0.00110411772
82 0.001097204394
83 0.001096291789
84 0.001100839333
85 0.001110225298
86 0.00112375044
87 0.001140645
88 0.001160078964
89 0.001181175374
90 0.0012030263
91 0.001224710958
92 0.001245315344
93 0.001263952635
94 0.001279783607
95 0.001292036236
96 0.001300023728
97 0.001303160254
98 0.001300973778
99 0.001293115499
100 0.001279365581
101 0.001259634995
102 0.001233963514
103 0.001202514005
104 0.001165563374
105 0.001123490616
106 0.001076762517
107 0.001025917636
108 0.0009715492599
109 0.0009142879454
110 0.0008547842458
111 0.000793692321
112 0.0007316548292
113 0.0006692893093
114 0.0006071767529
115 0.0005458524017
116 0.0004857981781
117 0.0004274379939
118 0.0003711352724
119 0.0003171909369
120 0.0002658452965
121 0.0002172803771
122 0.0001716213412
123 0.0001289443271
124 8.927846302e-05
125 5.261120817e-05
126 1.88988578e-05
127 -1.193735398e-05
128 -3.999471785e-05
129 -6.539194591e-05
130 -8.826492574e-05
131 -0.0001087495723
132 -0.0001270046244
133 -0.0001431706185
134 -0.00015740999
135 -0.0001698661358
136 -0.0001806846663
137 -0.0001900166277
138 -0.0001979735228
139 -0.0002047191877
140 -0.0002103218747
141 -0.0002149579005
142 -0.0002186546942
143 -0.0002215918455
144 -0.0002237703789
145 -0.0002253552358
146 -0.0002263444125
147 -0.0002268650547
148 -0.000226939119
149 -0.0002266327324
150 -0.0002260165266
151 -0.0002250775636
152 -0.000223952131
153 -0.0002225404316
154 -0.0002210481132
155 -0.0002192969385
156 -0.0002175452788
157 -0.0002155692589
158 -0.0002136336705
159 -0.0002115360425
160 -0.0002094622039
161 -0.0002073399086
162 -0.0002051478941
163 -0.0002030919831
164 -0.0002007852748
165 -0.0001988737254
166 -0.0001964553462
167 -0.0001947379577
168 -0.0001922316958
169 -0.0001907124628
170 -0.0001881808993
171 -0.0001868084355
172 -0.0001843575244
173 -0.0001830307213
174 -0.0001808003885
175 -0.0001793817628
176 -0.0001775367374
177 -0.0001758596884
178 -0.0001745818598
179 -0.0001724779848
180 -0.0001718961673
181 -0.0001693407289
182 -0.0001692953602
183 -0.0001667171028
184 -0.0001664530577
185 -0.0001648991215
186 -0.000163231823
187 -0.0001637014026
188 -0.0001602365942
189 -0.0001620855871
190 -0.0001587184259
191 -0.0001589727955
192 -0.0001590187856
193 -0.0001552023386
194 -0.000158940226
195 -0.000153913359
196 -0.000155192353
