   0.109998509947750622E+001   0.322228126848022711E+002  -0.370384762693198866E-001   0.128384645534246893E+002  -0.119289871033928262E+004  -0.119410091029813771E+004   1
   0.109994134890039463E+001   0.253333001000352880E+002  -0.457918386706914760E-001   0.129337411663310355E+002  -0.119326136232130580E+004  -0.119399232792730982E+004   1
   0.109991827564597533E+001   0.252390706583946063E+002  -0.479708890475123440E-001   0.124455906096845315E+002  -0.119323077237984012E+004  -0.119384454990131781E+004   1
   0.109986620611953656E+001   0.309648827582471640E+002  -0.396736084046560578E-001   0.125630657224481475E+002  -0.119316378930363567E+004  -0.119370085364038732E+004   1
   0.109969660384900925E+001   0.407481637551699905E+002  -0.298086300288806783E-001   0.128183391151235409E+002  -0.119309917065681179E+004  -0.119369480315711303E+004   1
   0.109972407685165230E+001   0.405850727122350889E+002  -0.289690236593447281E-001   0.130771717311811599E+002  -0.119327875435873011E+004  -0.119357705548264562E+004   1
   0.109974760377497738E+001   0.342440015719606023E+002  -0.349281120456836902E-001   0.127995824283707922E+002  -0.119305183068411816E+004  -0.119343985604613226E+004   1
   0.109986943435247264E+001   0.418052559862967783E+002  -0.284593600863480845E-001   0.129628988576119220E+002  -0.119302133489202015E+004  -0.119341244124686341E+004   1
   0.109990633716068098E+001   0.255332813355582182E+002  -0.469692776652177457E-001   0.127649851717453515E+002  -0.119294371130908507E+004  -0.119338813375370046E+004   1
   0.109982448302582103E+001   0.357971629382116205E+002  -0.325181089242834176E-001   0.129549409312030779E+002  -0.119327841855434690E+004  -0.119337746481937779E+004   1
   0.109996268095531069E+001   0.375569208906805088E+002  -0.328290003898610294E-001   0.130414850356083871E+002  -0.119321080871949198E+004  -0.119336706931721051E+004   1
   0.109997857216603268E+001   0.308159392816366875E+002  -0.399618410839090998E-001   0.126312129847180792E+002  -0.119305170975619239E+004  -0.119335070316506358E+004   1
   0.109982698450482430E+001   0.260438506170723514E+002  -0.467076919940474511E-001   0.129933180459822459E+002  -0.119310181365943504E+004  -0.119333159536043468E+004   1
   0.109978596928598060E+001   0.373323070485172082E+002  -0.320289303072742726E-001   0.130978520136747871E+002  -0.119317089993604850E+004  -0.119332227832665831E+004   1
   0.109965906792572521E+001   0.229383280928334514E+002  -0.521361411898926264E-001   0.129799073218059657E+002  -0.119315698815594101E+004  -0.119330949431065051E+004   1
   0.109998527444220962E+001   0.375624299268298643E+002  -0.328989273966762141E-001   0.129255172606457016E+002  -0.119311556713298569E+004  -0.119329911752868975E+004   1
   0.109975276463897620E+001   0.380408752277213154E+002  -0.317404427187257809E-001   0.129182035479630368E+002  -0.119306480721645357E+004  -0.119329459832216162E+004   1
   0.109983374429735359E+001   0.349933753583382554E+002  -0.342574790232585968E-001   0.130161810586097655E+002  -0.119306050960981429E+004  -0.119328960576866575E+004   1
   0.109989566495859181E+001   0.353861281404135823E+002  -0.335345211769970675E-001   0.130144549311638258E+002  -0.119304730847631276E+004  -0.119328713191061161E+004   1
   0.109978879432998200E+001  -0.697355982336089752E-001   0.177761569415116867E+002   0.128729879446213431E+002  -0.119328042039028014E+004  -0.119413169373352525E+004   1
   0.109978058538325385E+001  -0.683187986038689132E-001   0.174329613414026809E+002   0.129969075509924785E+002  -0.119309587855568202E+004  -0.119361270085344472E+004   1
   0.109978011660031516E+001  -0.714170618936833534E-001   0.172511848154578544E+002   0.127973777446606558E+002  -0.119316488146612869E+004  -0.119534300300745895E+004   1
   0.109988551786495781E+001  -0.738240425557297186E-001   0.162426080622252051E+002   0.131713990956351559E+002  -0.119319409061194165E+004  -0.119335030375998303E+004   1
   0.109991143194253738E+001  -0.747352487751911099E-001   0.157128074808675038E+002   0.131612070558186289E+002  -0.119324855958461330E+004  -0.119389542811507681E+004   1
   0.109986920482657125E+001  -0.102583774512010173E+000   0.118563472921207484E+002   0.128331950137107178E+002  -0.119298645341522047E+004  -0.119396318214341386E+004   1
   0.109983285726724267E+001  -0.651705609391717289E-001   0.187792166574014345E+002   0.127079685898341204E+002  -0.119306328818652605E+004  -0.119386788223137023E+004   1
   0.109995680107335847E+001  -0.819514529668463609E-001   0.147821007114849472E+002   0.127807733618077037E+002  -0.119290580528979399E+004  -0.119381993936050799E+004   1
   0.109998842633002369E+001  -0.798183946518689069E-001   0.148662618598199963E+002   0.124899379880859467E+002  -0.119323249121676372E+004  -0.119402910847544877E+004   1
   0.109987854160415743E+001  -0.891808820879980146E-001   0.137258444499795900E+002   0.125889910965411733E+002  -0.119310348528660893E+004  -0.119389705828707838E+004   1
   0.109994209227113648E+001  -0.117663987713144458E+000   0.102547211344664309E+002   0.125482504220920443E+002  -0.119306785291704182E+004  -0.119382204897481142E+004   1
   0.109994824940195546E+001  -0.848366664495472378E-001   0.143723647703328226E+002   0.126482687682690713E+002  -0.119298614841619019E+004  -0.119359718636724301E+004   1
   0.109998078541387678E+001  -0.101957804845686617E+000   0.113835706715350433E+002   0.129251217041259387E+002  -0.119322706447194696E+004  -0.119351992376641851E+004   1
   0.109993766737365428E+001  -0.752634323244105730E-001   0.165283046873090953E+002   0.127043222815990617E+002  -0.119319282335535672E+004  -0.119345763836618744E+004   1
   0.109986375281473370E+001  -0.626326248966089238E-001   0.193295749387492748E+002   0.125891838607575135E+002  -0.119307319614129642E+004  -0.119341160770885699E+004   1
   0.109981894770557020E+001  -0.129561834598660219E+000   0.941516431422191857E+001   0.124711283031360125E+002  -0.119326777736371014E+004  -0.119337266517193962E+004   1
   0.109990506641270036E+001  -0.101855521127438564E+000   0.120192718921320996E+002   0.127556291631395133E+002  -0.119300426766729061E+004  -0.119336430763237581E+004   1
   0.109977911975996845E+001  -0.718430905767570849E-001   0.169456528190899114E+002   0.126213791667144228E+002  -0.119311640701556757E+004  -0.119330777348766856E+004   1
   0.109993255232008447E+001  -0.888415708472702903E-001   0.139802014795815772E+002   0.125280324949425630E+002  -0.119327662306678826E+004  -0.119328138360813955E+004   1
   0.109964222363042818E+001  -0.662745844318664012E-001   0.181319683106878387E+002   0.127667431551084327E+002  -0.119311821143885413E+004  -0.119482378780020417E+004   1
   0.109958010432357511E+001  -0.707524643808197240E-001   0.168116061961332193E+002   0.127082210112789156E+002  -0.119322602248077555E+004  -0.119372232198555116E+004   1
   0.109957777751206676E+001  -0.695933464779567856E-001   0.173567246808124125E+002   0.127020275604937858E+002  -0.119318471362663308E+004  -0.119347225133937741E+004   1
   0.109970987147466515E+001  -0.729811262048514209E-001   0.163221214171147437E+002   0.129806646200817113E+002  -0.119313311394060383E+004  -0.119392097473579202E+004   1
   0.109962264776263163E+001  -0.691679867304513252E-001   0.171402342070835729E+002   0.128972994413946278E+002  -0.119318435220041238E+004  -0.119346067719901271E+004   1
   0.109964868593857346E+001  -0.736245764864218444E-001   0.166883955893287386E+002   0.128644095947535568E+002  -0.119324779904062802E+004  -0.119333668205591334E+004   1
   0.109968822486935935E+001  -0.869068004705706443E-001   0.135140479603138104E+002   0.127744034620949893E+002  -0.119325121848253207E+004  -0.119418796373372652E+004   1
   0.109958840457611062E+001  -0.856570717713918128E-001   0.139091886513772387E+002   0.128623286314138223E+002  -0.119317338075558519E+004  -0.119385487230908711E+004   1
   0.109949434568787718E+001  -0.739879967807723915E-001   0.161020019261163547E+002   0.129711695608232773E+002  -0.119327313232724282E+004  -0.119331135002971996E+004   1
   0.109963064453647474E+001  -0.906658153600279348E-001   0.134531168924522291E+002   0.128513723036923686E+002  -0.119318100895942507E+004  -0.119331132438550139E+004   1
   0.109972013406457925E+001  -0.975893124570630377E-001   0.121983327857922212E+002   0.127601540461218566E+002  -0.119310363747995621E+004  -0.119401321010001652E+004   1
   0.109970065155678531E+001  -0.119555840830393834E+000   0.102098801774507439E+002   0.126484673354078048E+002  -0.119316625483241660E+004  -0.119375507713968750E+004   1
   0.109961393466810797E+001  -0.109075539347422534E+000   0.110481252596601607E+002   0.126758852831585234E+002  -0.119317334022043110E+004  -0.119336377035543228E+004   1
   0.109949460144865596E+001  -0.189051351807933088E+000   0.638719284123281206E+001   0.128220866412830325E+002  -0.119321863770402956E+004  -0.119388462299213825E+004   1
   0.109965294012477943E+001  -0.174371379258538184E+000   0.678065000166122012E+001   0.129440161387556092E+002  -0.119319739012794753E+004  -0.119337917459386995E+004   1
   0.109964355872431585E+001  -0.118360644986397645E+000   0.102788716232406170E+002   0.127140884689051052E+002  -0.119315655336202349E+004  -0.119332910419579230E+004   1
   0.109961003629695275E+001  -0.159138490327061177E+000   0.753657969594140198E+001   0.126068872284557987E+002  -0.119324128595699017E+004  -0.119332225681923774E+004   1
   0.109973665083402694E+001  -0.100298473322157911E+000   0.123543431382620525E+002   0.127593364963493361E+002  -0.119327568668042113E+004  -0.119331043356733812E+004   1
   0.109976628754756445E+001  -0.937361084217025464E-001   0.126637661206523653E+002   0.126269430966315870E+002  -0.119318655820301660E+004  -0.119330879829906871E+004   1
   0.109996010128708699E+001   0.945201074693510002E+000  -0.125923031010283371E+001   0.126920506275317457E+002  -0.119298306264551934E+004  -0.119355824544906409E+004   1
   0.109997411337755402E+001   0.296414863217319358E+000  -0.413109195003792529E+001   0.126193681689196513E+002  -0.119301366255806283E+004  -0.119404289239463878E+004   1
   0.109996292537543239E+001   0.319370789550169398E+000  -0.387972745869590341E+001   0.127060570013286718E+002  -0.119311022859190939E+004  -0.119357045867082979E+004   1
   0.109989054872066028E+001   0.274773036575895802E+000  -0.433499018514476031E+001   0.125582181521840894E+002  -0.119315529723403415E+004  -0.119353888625899185E+004   1
   0.109997232075842022E+001   0.308881663266410200E+000  -0.397632512454301601E+001   0.124509425312352935E+002  -0.119322870541820771E+004  -0.119352816047180795E+004   1
   0.109984533180384303E+001   0.586588062636666407E+000  -0.207900141319830123E+001   0.125870393584560052E+002  -0.119310723381911544E+004  -0.119346150097936379E+004   1
   0.109992673164229093E+001   0.269042781170094614E+000  -0.449268431419246816E+001   0.126545728295071580E+002  -0.119297389408198387E+004  -0.119343089339330072E+004   1
   0.109986377387671785E+001   0.914557957846400704E+000  -0.131930670902797953E+001   0.127438649950629106E+002  -0.119297140268519524E+004  -0.119340762888579343E+004   1
   0.109989821618436689E+001   0.416861967106028963E+000  -0.285027116436232575E+001   0.125712251422974557E+002  -0.119315613777997305E+004  -0.119337515750132889E+004   1
   0.109975923282477783E+001   0.302812049696191465E+000  -0.392987476392374679E+001   0.126298337747752303E+002  -0.119316673638057614E+004  -0.119630184584157428E+004   1
   0.109975358530070322E+001   0.415544630619565147E+000  -0.285423669238489586E+001   0.127056028121056404E+002  -0.119313752115919669E+004  -0.119348994285049571E+004   1
   0.109974505106657849E+001   0.370225971338355997E+000  -0.328083625310833238E+001   0.125040703225903371E+002  -0.119325917101753680E+004  -0.119337948863025508E+004   1
   0.109983829989535087E+001   0.521743004111681508E+000  -0.226698269287743726E+001   0.126007287940383890E+002  -0.119320659138652877E+004  -0.119331106693603488E+004   1
   0.109997931629793788E+001   0.885842483789449631E+000  -0.134036957386438438E+001   0.128934433694739248E+002  -0.119293713460194863E+004  -0.120408173143017984E+004   1
   0.109999611964411015E+001   0.538206366912812761E+000  -0.230601237050505636E+001   0.130242444063411238E+002  -0.119328122485705353E+004  -0.119448284967127734E+004   1
   0.109986049145148135E+001   0.716172603456321610E+000  -0.168155270858392170E+001   0.129677468752945870E+002  -0.119301100893613057E+004  -0.119377761995099058E+004   1
   0.109985377665990702E+001   0.432883227789651492E+000  -0.273753809057628139E+001   0.128616426570923732E+002  -0.119303145016277131E+004  -0.119359905353147246E+004   1
   0.109990851144972512E+001   0.593395307112865922E+000  -0.198237885917642975E+001   0.130198348528419761E+002  -0.119311244954754147E+004  -0.119359218176767763E+004   1
   0.109985042396435118E+001   0.394651367123125318E+000  -0.304530710571229069E+001   0.128463745890024565E+002  -0.119297116945591210E+004  -0.119357616042529844E+004   1
   0.109996337666284427E+001   0.421819013330297921E+000  -0.277408260105030857E+001   0.129059808207420641E+002  -0.119310400516629488E+004  -0.119357176451705914E+004   1
   0.109990241361517382E+001   0.735772125500996133E+000  -0.167793528011665805E+001   0.128162350469305935E+002  -0.119310673042485837E+004  -0.119356184230438566E+004   1
   0.109997607914465312E+001   0.445048271007033591E+000  -0.269716410689198627E+001   0.127633431963354198E+002  -0.119289470230991697E+004  -0.119349542379119157E+004   1
   0.109993931076186335E+001   0.512793037232668780E+000  -0.241286667831298818E+001   0.129917005406499477E+002  -0.119323074810749358E+004  -0.119343458633320824E+004   1
   0.109994500064174838E+001   0.326763785460453704E+000  -0.373060542385687288E+001   0.128566898296994818E+002  -0.119295274134475790E+004  -0.119341570049553820E+004   1
   0.109977953700485021E+001   0.450020720901557425E+000  -0.273357040137671703E+001   0.128099000568400534E+002  -0.119314861747053828E+004  -0.119341331602731134E+004   1
   0.109980351378296781E+001   0.526709277931937336E+000  -0.231894456633700585E+001   0.130720255568654569E+002  -0.119323977155082662E+004  -0.119339226738350703E+004   1
   0.109992720888899598E+001   0.289857864700784340E+000  -0.425230360369396720E+001   0.128086569197245286E+002  -0.119306439619988032E+004  -0.119337023685178792E+004   1
   0.109975704106848693E+001   0.433280595874808938E+000  -0.273286906962048803E+001   0.129357695360647504E+002  -0.119311450664257245E+004  -0.119335864452165424E+004   1
   0.109974270389184858E+001   0.673062304374341558E+000  -0.182414299341734498E+001   0.129664240679647058E+002  -0.119323617592264168E+004  -0.119332261893386658E+004   1
   0.109982218808037091E+001   0.313181247653611550E+000  -0.374435687915550997E+001   0.129532478148786812E+002  -0.119317421956049475E+004  -0.119328580161577361E+004   1
   0.109971029794117503E+001   0.580280583566137764E+000  -0.204805308518444029E+001   0.128769232486996117E+002  -0.119310712642340127E+004  -0.119341457069142416E+004   1
   0.109971340611917823E+001   0.592278361530549802E+000  -0.206260366552330376E+001   0.129770037170439707E+002  -0.119320864547321662E+004  -0.119336196951298780E+004   1
   0.109962962046892199E+001   0.452298151689655370E+000  -0.261283012341315501E+001   0.126810299158807087E+002  -0.119327075031666573E+004  -0.119362876789951792E+004   1
   0.109972191870925107E+001   0.258847526441143394E+000  -0.453364017284360443E+001   0.127822280647335056E+002  -0.119323733477792439E+004  -0.119425421211729122E+004   1
   0.109966957780334273E+001   0.303249692530068060E+000  -0.402468674839888596E+001   0.126838339907660309E+002  -0.119316857005412612E+004  -0.119365712536910269E+004   1
   0.109964120160013934E+001   0.256800739231416664E+000  -0.473904640990895487E+001   0.128096691217960785E+002  -0.119314867842145350E+004  -0.119335306709873112E+004   1
   0.109968312924953771E+001   0.584358685801421807E+000  -0.206110634580302188E+001   0.128555144932362850E+002  -0.119308792548553333E+004  -0.119331902337585166E+004   1
   0.109952176046203065E+001   0.266683152673225621E+000  -0.453872203094740989E+001   0.129395299281590344E+002  -0.119324875777595798E+004  -0.119362528390375587E+004   1
   0.109957413048395991E+001   0.495787936426504317E+000  -0.240279053134596943E+001   0.130066924900467455E+002  -0.119324158269889494E+004  -0.119423399007332114E+004   1
   0.109951637052423878E+001   0.478266665463976004E+000  -0.251663347371718782E+001   0.128625262896140669E+002  -0.119320394065606411E+004  -0.119357084636338254E+004   1
   0.109954598188037100E+001   0.418423186660089819E+000  -0.285545582311334112E+001   0.127828816205071085E+002  -0.119319409036887168E+004  -0.119448213957732878E+004   1
   0.109952566864423895E+001   0.490496860442288352E+000  -0.246061089022924540E+001   0.126766613081256310E+002  -0.119323310864965993E+004  -0.119378719166161750E+004   1
   0.109954317343626196E+001   0.285903216452385145E+000  -0.419574457308192272E+001   0.126715445277701111E+002  -0.119323163019485037E+004  -0.119346480417481939E+004   1
