# Chi-squared: 2385.789405
8 0.1428200145
9 0.1069589333
10 0.08546240038
11 0.07202515934
12 0.06332256894
13 0.05746876372
14 0.05335959242
15 0.05033452304
16 0.04799000927
17 0.04607636945
18 0.04443770349
19 0.04297629433
20 0.04163095548
21 0.0403636313
22 0.03915097264
23 0.03797897367
24 0.0368395298
25 0.03572821553
26 0.03464284657
27 0.03358255182
28 0.032547179
29 0.03153691955
30 0.03055207814
31 0.02959293684
32 0.02865968122
33 0.02775236576
34 0.0268709044
35 0.02601507585
36 0.02518453729
37 0.02437884199
38 0.02359745808
39 0.02283978694
40 0.0221051799
41 0.02139295304
42 0.02070239966
43 0.02003280054
44 0.01938343206
45 0.01875357242
46 0.01814250616
47 0.01754952717
48 0.01697394062
49 0.01641506375
50 0.01587222608
51 0.01534476891
52 0.01483204451
53 0.01433341512
54 0.01384825189
55 0.01337593392
56 0.01291584756
57 0.01246738597
58 0.01202994925
59 0.01160294506
60 0.01118578982
61 0.01077791064
62 0.01037874792
63 0.009987758625
64 0.009604420241
65 0.00922823535
66 0.008858736644
67 0.008495492333
68 0.008138111745
69 0.007786250923
70 0.007439618017
71 0.007097978231
72 0.006761158104
73 0.006429048831
74 0.006101608419
75 0.005778862497
76 0.005460903594
77 0.005147888778
78 0.00484003558
79 0.004537616207
80 0.004240950102
81 0.003950394996
82 0.003666336643
83 0.003389177431
84 0.003119324264
85 0.002857176059
86 0.002603111215
87 0.002357475462
88 0.002120570457
89 0.001892643511
90 0.001673878758
91 0.001464390048
92 0.001264215759
93 0.001073315736
94 0.0008915703832
95 0.0007187818954
96 0.0005546775383
97 0.0003989148159
98 0.0002510883168
99 0.0001107379688
100 -2.264164074e-05
101 -0.0001495911837
102 -0.0002706760306
103 -0.000386475673
104 -0.0004975733828
105 -0.0006045461777
106 -0.0007079559812
107 -0.0008083414939
108 -0.0009062107617
109 -0.001002036352
110 -0.001096250018
111 -0.001189239436
112 -0.001281348043
113 -0.001372870892
114 -0.001464058947
115 -0.001555117458
116 -0.00164620808
117 -0.001737456202
118 -0.001828943093
119 -0.001920728072
120 -0.002012827568
121 -0.002105244729
122 -0.002197954579
123 -0.00229091209
124 -0.002384068506
125 -0.002477347633
126 -0.002570685693
127 -0.002663986778
128 -0.002757193639
129 -0.00285017948
130 -0.002942925315
131 -0.003035265594
132 -0.003127219896
133 -0.003218617812
134 -0.003309475187
135 -0.003399665427
136 -0.003489172404
137 -0.003577917602
138 -0.003665878953
139 -0.003752977956
140 -0.003839242893
141 -0.003924547557
142 -0.004008987861
143 -0.004092411164
144 -0.004174919205
145 -0.004256411925
146 -0.00433692406
147 -0.004416437885
148 -0.004494956499
149 -0.004572425279
150 -0.004649009534
