# Chi-squared: 292220.0415
8 1.351847872
9 1.400760086
10 1.320954651
11 1.190500433
12 1.044825253
13 0.9010742009
14 0.7671582161
15 0.6462320951
16 0.5390492789
17 0.4451609113
18 0.3635600416
19 0.2930224512
20 0.2322865523
21 0.1801448012
22 0.1354865632
23 0.09731442744
24 0.06474617289
25 0.03700930096
26 0.01343206009
27 -0.00656685976
28 -0.02348876748
29 -0.03776491744
30 -0.0497656586
31 -0.0598086674
32 -0.0681662494
33 -0.07507174555
34 -0.08072511359
35 -0.08529776397
36 -0.0889367285
37 -0.0917682401
38 -0.09390079655
39 -0.09542777494
40 -0.09642965696
41 -0.09697591815
42 -0.09712662851
43 -0.09693380566
44 -0.09644255684
45 -0.09569204117
46 -0.09471627929
47 -0.09354483414
48 -0.09220338301
49 -0.09071419852
50 -0.08909655359
51 -0.08736706357
52 -0.08553997651
53 -0.08362742176
54 -0.0816396255
55 -0.07958510054
56 -0.07747081679
57 -0.07530235818
58 -0.073084071
59 -0.07081920756
60 -0.06851006889
61 -0.06615814891
62 -0.06376428213
63 -0.06132879603
64 -0.05885166889
65 -0.05633269192
66 -0.05377163468
67 -0.05116841164
68 -0.04852324715
69 -0.04583683532
70 -0.04311049097
71 -0.04034628711
72 -0.03754717475
73 -0.03471708072
74 -0.03186097791
75 -0.02898492501
76 -0.02609607275
77 -0.02320263422
78 -0.02031381847
79 -0.01743972719
80 -0.01459121627
81 -0.01177972474
82 -0.009017075653
83 -0.006315254028
84 -0.003686167333
85 -0.001141396851
86 0.001308052162
87 0.003651993793
88 0.005881290359
89 0.007988059313
90 0.009965851404
91 0.01180979428
92 0.01351669709
93 0.01508511334
94 0.01651535954
95 0.0178094894
96 0.01897122622
97 0.02000585618
98 0.02092008671
99 0.021721875
100 0.02242023378
101 0.02302502042
102 0.02354671477
103 0.02399619622
104 0.02438452466
105 0.02472272532
106 0.02502159664
107 0.02529153615
108 0.02554237527
109 0.02578326803
110 0.02602257819
111 0.02626779024
112 0.0265255083
113 0.02680135865
114 0.02710005223
115 0.02742539216
116 0.02778023709
117 0.02816672344
118 0.02858606168
119 0.02903895752
120 0.02952529413
121 0.03004455366
122 0.03059577469
123 0.03117734206
124 0.03178788381
125 0.03242501418
126 0.0330870697
127 0.03377132284
128 0.03447604512
129 0.03519811026
130 0.03593641108
131 0.03668699925
132 0.03744990238
133 0.03822049923
134 0.03899944469
135 0.03978250782
136 0.04056993863
137 0.04135866206
138 0.04214840734
139 0.04293670757
140 0.04372386168
141 0.04450663293
142 0.04528711286
143 0.04606056868
144 0.04683067528
145 0.047592325
146 0.04834896303
147 0.04909678852
148 0.0498381945
149 0.05056985605
150 0.05129555924
