# Chi-squared: 12.07636947
51 0.01253774703
52 0.01162199103
53 0.01077242296
54 0.009983043933
55 0.009249135223
56 0.008566203721
57 0.007930197875
58 0.007337400559
59 0.006784412051
60 0.006268115186
61 0.005785650214
62 0.005334391893
63 0.004911930516
64 0.004516056268
65 0.004144746962
66 0.003796159045
67 0.003468621871
68 0.003160635216
69 0.002870870041
70 0.002598172463
71 0.002341570817
72 0.002100285495
73 0.00187374095
74 0.001661578884
75 0.001463671135
76 0.001280130248
77 0.001111315168
78 0.0009578290146
79 0.0008205057432
80 0.0007003823416
81 0.0005986534579
82 0.0005166067596
83 0.0004555385273
84 0.0004166494049
85 0.0004009251143
86 0.000409009467
87 0.0004410722514
88 0.000496688468
89 0.0005747432558
90 0.000673353841
91 0.0007898503339
92 0.0009208051316
93 0.001062082346
94 0.001209010937
95 0.001356518901
96 0.001499350542
97 0.001632362315
98 0.001750609068
99 0.001849799203
100 0.001926221743
101 0.001977127835
102 0.002000731604
103 0.001996113297
104 0.001963665787
105 0.001904160716
106 0.001819944423
107 0.001713012912
108 0.00158709632
109 0.001444769297
110 0.001290465596
111 0.001126661645
112 0.0009579363772
113 0.0007860573075
114 0.0006154716571
115 0.0004467250877
116 0.0002841906684
117 0.0001267794227
118 -2.090237909e-05
119 -0.0001618191908
120 -0.0002908569449
121 -0.0004126496135
122 -0.0005218704491
123 -0.0006236489296
124 -0.0007139703119
125 -0.0007958718813
126 -0.0008695565602
127 -0.0009325386844
128 -0.0009920057343
129 -0.001038382219
130 -0.001084712422
131 -0.00111882348
132 -0.001151177809
133 -0.00117839974
134 -0.001196221975
135 -0.001219063769
136 -0.001226507585
137 -0.001240996417
138 -0.001247440365
139 -0.001247468145
140 -0.001257919376
141 -0.001247879395
142 -0.001252449856
143 -0.00124912393
144 -0.001234804992
145 -0.00124277109
146 -0.00122196329
147 -0.00121686311
148 -0.001217293795
149 -0.001186788066
150 -0.001195125549
151 -0.00117827328
152 -0.001151289837
153 -0.001167439926
154 -0.001131130888
155 -0.001118248783
156 -0.001132762011
157 -0.001081311812
158 -0.001087086853
159 -0.001092414129
160 -0.001032100065
161 -0.001056332284
162 -0.001049198585
163 -0.0009844008969
164 -0.001024987145
165 -0.001006244305
166 -0.0009376229878
167 -0.0009925742733
168 -0.0009664856834
169 -0.0008907597989
170 -0.0009584286667
171 -0.0009326441677
172 -0.0008434368685
173 -0.0009207929091
174 -0.0009070884991
175 -0.0007971228888
176 -0.0008762422174
177 -0.0008908108322
178 -0.000756542607
179 -0.0008202965033
180 -0.00088097263
181 -0.0007304373487
182 -0.0007505150558
183 -0.0008675792082
184 -0.0007293610072
185 -0.0006727693992
186 -0.0008324198548
187 -0.0007575386289
188 -0.0006079575429
189 -0.0007563861799
190 -0.00079924695
191 -0.0005900021958
192 -0.0006396017946
193 -0.0008105474093
194 -0.0006429341927
195 -0.000524948263
196 -0.0007384768705
197 -0.0007395843976
198 -0.0004923537595
199 -0.0005787212513
200 -0.000783825073
