# Chi-squared: 13.70862204
51 0.01425530994
52 0.01341068144
53 0.01262446843
54 0.01189169707
55 0.01120815421
56 0.01056992671
57 0.009973445184
58 0.009415442152
59 0.008892927025
60 0.008403164652
61 0.007943656784
62 0.007512127366
63 0.007106510869
64 0.006724943703
65 0.006365758388
66 0.006027480268
67 0.005708826398
68 0.005408706204
69 0.005126223346
70 0.004860678124
71 0.004611569589
72 0.004378596394
73 0.004161655285
74 0.003960836031
75 0.003776411558
76 0.003608822075
77 0.003458652105
78 0.003326599582
79 0.003213436509
80 0.003119961175
81 0.003046942478
82 0.002995057592
83 0.002964824889
84 0.002956534747
85 0.002970181445
86 0.003005399883
87 0.003061411076
88 0.00313698043
89 0.003230392508
90 0.00333944542
91 0.003461467069
92 0.003593354363
93 0.003731635162
94 0.003872551332
95 0.00401215985
96 0.004146447662
97 0.004271454958
98 0.004383400832
99 0.004478805008
100 0.004554599435
101 0.004608224138
102 0.004637702629
103 0.004641693443
104 0.004619515806
105 0.004571148998
106 0.004497206448
107 0.004398886989
108 0.004277906831
109 0.004136416617
110 0.003976908402
111 0.003802117561
112 0.003614924511
113 0.003418260485
114 0.003215020962
115 0.003007989878
116 0.00279977651
117 0.002592765506
118 0.002389081071
119 0.002190565264
120 0.001998767207
121 0.001814943494
122 0.001640070075
123 0.001474857333
124 0.001319771859
125 0.00117506712
126 0.001040805197
127 0.0009168871464
128 0.0008030882138
129 0.0006990686825
130 0.0006044135387
131 0.0005186519706
132 0.00044125721
133 0.0003717019577
134 0.0003094288172
135 0.0002538859768
136 0.0002045515509
137 0.0001608774084
138 0.0001223934135
139 8.860523077e-05
140 5.907018087e-05
141 3.339244208e-05
142 1.114257315e-05
143 -7.979396817e-06
144 -2.436038404e-05
145 -3.825771537e-05
146 -4.995892981e-05
147 -5.974358734e-05
148 -6.775878291e-05
149 -7.433835263e-05
150 -7.949551541e-05
151 -8.359828105e-05
152 -8.658265145e-05
153 -8.878799964e-05
154 -9.016031763e-05
155 -9.092866064e-05
156 -9.114126963e-05
157 -9.084025525e-05
158 -9.025168996e-05
159 -8.917884281e-05
160 -8.806527221e-05
161 -8.646959284e-05
162 -8.503033486e-05
163 -8.313598707e-05
164 -8.149108817e-05
165 -7.952418167e-05
166 -7.77062305e-05
167 -7.591905215e-05
168 -7.387087294e-05
169 -7.254587335e-05
170 -7.014889736e-05
171 -6.955264531e-05
172 -6.671877378e-05
173 -6.697669715e-05
174 -6.38197993e-05
175 -6.472419416e-05
176 -6.175438474e-05
177 -6.262272438e-05
178 -6.078098949e-05
179 -6.060336231e-05
180 -6.087877106e-05
181 -5.896494671e-05
182 -6.152970451e-05
183 -5.846583332e-05
184 -6.18643521e-05
185 -5.987764084e-05
186 -6.143224628e-05
187 -6.301092128e-05
188 -6.115691111e-05
189 -6.615808887e-05
190 -6.312153134e-05
191 -6.737214646e-05
192 -6.827681758e-05
193 -6.729634971e-05
194 -7.405020805e-05
195 -6.990401117e-05
196 -7.62736742e-05
197 -7.771141503e-05
198 -7.569714771e-05
199 -8.602053247e-05
200 -7.982269989e-05
