# Chi-squared: 15.23824006
50 0.01313833954
51 0.01218314083
52 0.01129924321
53 0.0104801873
54 0.009720642481
55 0.009015586807
56 0.008360523896
57 0.007751414873
58 0.007184650996
59 0.006656980716
60 0.006165428506
61 0.005707220042
62 0.005279733487
63 0.004880484896
64 0.004507143478
65 0.004157561744
66 0.003829801513
67 0.003522140539
68 0.003233054245
69 0.002961178649
70 0.002705269279
71 0.002464173415
72 0.002236828501
73 0.002022290215
74 0.001819783384
75 0.001628762262
76 0.001448966218
77 0.001280462721
78 0.001123678595
79 0.0009794277166
80 0.0008489446888
81 0.0007339276811
82 0.0006365793141
83 0.0005596176355
84 0.0005062208063
85 0.0004798653366
86 0.0004840278328
87 0.0005217596364
88 0.0005951613326
89 0.0007048213049
90 0.0008493375288
91 0.001024977282
92 0.001225596537
93 0.001442869331
94 0.001666748318
95 0.001886265949
96 0.002090362094
97 0.002268827534
98 0.002413130376
99 0.002516942498
100 0.002576642086
101 0.002591140676
102 0.002561969418
103 0.002492547223
104 0.002387999103
105 0.002254241106
106 0.002097780351
107 0.001924923575
108 0.001741765831
109 0.001553578008
110 0.001365122219
111 0.001180019463
112 0.001001546338
113 0.0008316120652
114 0.0006723029386
115 0.000524008631
116 0.0003880790374
117 0.0002636880359
118 0.0001518219361
119 5.090106944e-05
120 -3.843642319e-05
121 -0.0001177062001
122 -0.0001872543708
123 -0.0002471822043
124 -0.0003001222042
125 -0.0003431817537
126 -0.0003823988783
127 -0.0004114827035
128 -0.0004387594788
129 -0.0004576093587
130 -0.000473297877
131 -0.0004860534849
132 -0.0004903738273
133 -0.0004992620642
134 -0.0004953001353
135 -0.0004979153007
136 -0.0004928352495
137 -0.0004840656079
138 -0.0004833264171
139 -0.0004644910113
140 -0.0004622329625
141 -0.0004466250591
142 -0.0004292678357
143 -0.0004270616875
144 -0.0003970287584
145 -0.0003927027841
146 -0.0003762546847
147 -0.0003465332377
148 -0.0003508084374
149 -0.0003151951844
150 -0.0003003196909
151 -0.0002994666966
152 -0.0002522972473
153 -0.0002566395538
154 -0.0002393671111
155 -0.0001929990536
156 -0.0002120214156
157 -0.000174441165
158 -0.0001384029219
159 -0.0001648285098
160 -0.0001086571404
161 -8.701071861e-05
162 -0.0001156996931
163 -4.446840013e-05
164 -3.664483365e-05
165 -6.654881757e-05
166 1.697992722e-05
167 1.472088226e-05
168 -1.945400502e-05
169 7.490337402e-05
170 6.898756821e-05
171 2.420450535e-05
172 0.0001277936725
173 0.0001279936759
174 6.460403953e-05
175 0.00017259033
176 0.0001929213846
177 0.0001047114086
178 0.0002048011655
179 0.0002625003313
180 0.0001514729859
181 0.0002206131412
182 0.0003299784903
183 0.000215121406
184 0.0002219745584
185 0.0003808049975
186 0.000303650135
187 0.0002234818017
188 0.0003959278209
189 0.0004109502749
190 0.0002544619903
191 0.0003663337164
192 0.0005048896678
193 0.0003447950794
194 0.0003163430891
195 0.0005338145953
196 0.0004902563096
197 0.0003111215934
198 0.0004747929007
199 0.0006037463526
