# Chi-squared: 12.04754556
51 0.01243255843
52 0.01152815871
53 0.01068924694
54 0.009909869926
55 0.009185363246
56 0.008511279715
57 0.007883609963
58 0.007298674743
59 0.006753108268
60 0.006243823234
61 0.005767985434
62 0.005322990493
63 0.004906444524
64 0.00451614812
65 0.00415008374
66 0.003806406344
67 0.003483437206
68 0.003179660901
69 0.0028937255
70 0.002624446116
71 0.002370811886
72 0.002131996411
73 0.001907371356
74 0.001696522552
75 0.00149926736
76 0.001315671409
77 0.001146062084
78 0.0009910354468
79 0.000851452802
80 0.0007284226691
81 0.0006232638346
82 0.0005374462848
83 0.0004725080043
84 0.0004299461179
85 0.0004110859831
86 0.0004169354919
87 0.0004480277299
88 0.0005042695703
89 0.0005848144809
90 0.0006879534185
91 0.0008110687703
92 0.0009506484042
93 0.001102328363
94 0.001261074465
95 0.001421340727
96 0.001577314769
97 0.001723262544
98 0.00185365431
99 0.001963666435
100 0.00204915281
101 0.002107042128
102 0.002135376648
103 0.002133195214
104 0.002100992279
105 0.002039754047
106 0.001952119864
107 0.00184046026
108 0.00170886331
109 0.001560321003
110 0.001399572079
111 0.001229462053
112 0.001054745108
113 0.0008774714037
114 0.0007021005413
115 0.0005293936811
116 0.0003635631519
117 0.0002037365485
118 5.41707274e-05
119 -8.777934455e-05
120 -0.0002175723975
121 -0.0003393162834
122 -0.0004485048966
123 -0.0005495040789
124 -0.000639280318
125 -0.0007200500155
126 -0.0007928006381
127 -0.0008546971367
128 -0.0009128198796
129 -0.0009584959429
130 -0.00100307381
131 -0.001036917729
132 -0.001067445003
133 -0.001094345411
134 -0.001111052246
135 -0.001132703343
136 -0.001140396517
137 -0.001152689026
138 -0.00116009736
139 -0.001158406124
140 -0.001168473181
141 -0.001159116325
142 -0.001161032902
143 -0.001159872642
144 -0.001143500244
145 -0.001151062493
146 -0.001132217807
147 -0.001123355981
148 -0.001126687733
149 -0.001095213095
150 -0.001101037265
151 -0.001088601437
152 -0.001057401355
153 -0.001074314326
154 -0.001041390502
155 -0.001022563381
156 -0.001041310702
157 -0.0009906227838
158 -0.000990487379
159 -0.001002631625
160 -0.0009401040357
161 -0.0009595004225
162 -0.0009607935456
163 -0.0008912014722
164 -0.0009281791417
165 -0.0009189566923
166 -0.000843610375
167 -0.0008956314201
168 -0.0008801770348
169 -0.0007965261121
170 -0.0008608767946
171 -0.0008471947581
172 -0.0007498172906
173 -0.000821996546
174 -0.0008221442114
175 -0.0007052817654
176 -0.0007756900054
177 -0.0008054274845
178 -0.0006679194402
179 -0.0007181279284
180 -0.0007933129873
181 -0.0006462699392
182 -0.0006482637494
183 -0.0007750585902
184 -0.0006495537495
185 -0.000573889818
186 -0.0007329005973
187 -0.0006791394846
188 -0.0005171012305
189 -0.000650674541
190 -0.0007159183046
191 -0.0005099382367
192 -0.0005338874156
193 -0.0007153117097
194 -0.0005698873925
195 -0.0004296824178
196 -0.0006304180687
197 -0.0006613831157
198 -0.0004145795471
199 -0.0004688530004
200 -0.0006877937385
