# Chi-squared: 11.0317523
51 0.01478042895
52 0.01396936239
53 0.01321275362
54 0.0125057987
55 0.01184471891
56 0.01122590858
57 0.0106461082
58 0.01010232267
59 0.009591807385
60 0.009112039918
61 0.008660698171
62 0.008235640125
63 0.007834887046
64 0.007456610095
65 0.007099120327
66 0.006760861631
67 0.006440406071
68 0.006136451133
69 0.005847818776
70 0.005573456548
71 0.005312441455
72 0.005063987379
73 0.004827456743
74 0.004602376712
75 0.004388459579
76 0.004185626257
77 0.003994030973
78 0.003814084454
79 0.003646472025
80 0.003492162182
81 0.003352400399
82 0.003228682409
83 0.00312270121
84 0.003036263036
85 0.002971169739
86 0.002929068608
87 0.002911275434
88 0.002918582073
89 0.002951065009
90 0.003007915373
91 0.003087312638
92 0.003186362795
93 0.003301117167
94 0.003426680267
95 0.003557405307
96 0.00368716542
97 0.003809679074
98 0.003918861003
99 0.004009166442
100 0.004075897096
101 0.004115441938
102 0.004125433821
103 0.004104812684
104 0.004053796461
105 0.003973769966
106 0.003867109151
107 0.003736962317
108 0.003587011036
109 0.003421231969
110 0.003243677185
111 0.003058285757
112 0.002868734209
113 0.002678328384
114 0.002489935507
115 0.002305952289
116 0.002128302766
117 0.001958459099
118 0.00179747919
119 0.001646054343
120 0.001504561303
121 0.001373116502
122 0.001251627754
123 0.001139839952
124 0.001037378663
125 0.0009437859505
126 0.0008585469303
127 0.0007811188129
128 0.0007109469137
129 0.0006474754412
130 0.0005901690476
131 0.000538506726
132 0.0004919938175
133 0.0004501739648
134 0.000412602617
135 0.0003788880335
136 0.0003486547733
137 0.0003215527779
138 0.0002972914062
139 0.0002755497718
140 0.0002561071685
141 0.0002386925417
142 0.0002231078457
143 0.0002091721327
144 0.0001966596614
145 0.0001855052924
146 0.0001754349678
147 0.0001664872497
148 0.000158360028
149 0.0001511478358
150 0.0001445690623
151 0.0001387105554
152 0.000133365725
153 0.0001285556852
154 0.0001241911254
155 0.0001201888058
156 0.000116597238
157 0.0001132154932
158 0.0001102248338
159 0.0001073217765
160 0.0001047851228
161 0.0001022589596
162 0.0001000444525
163 9.783096905e-05
164 9.581226223e-05
165 9.388238605e-05
166 9.193370558e-05
167 9.028518382e-05
168 8.828864139e-05
169 8.692247078e-05
170 8.479658934e-05
171 8.367066538e-05
172 8.142161062e-05
173 8.038975329e-05
174 7.816261118e-05
175 7.69411681e-05
176 7.501033763e-05
177 7.324994398e-05
178 7.18694881e-05
179 6.939104557e-05
180 6.849824663e-05
181 6.56093686e-05
182 6.458147881e-05
183 6.21468042e-05
184 6.002083235e-05
185 5.88826931e-05
186 5.527607944e-05
187 5.513425303e-05
188 5.124966949e-05
189 5.016594644e-05
190 4.833470521e-05
191 4.435769025e-05
192 4.534551513e-05
193 3.961097982e-05
194 4.020660503e-05
195 3.733323614e-05
196 3.294819598e-05
197 3.543846141e-05
198 2.73038492e-05
199 2.95623035e-05
200 2.62171371e-05
