# Chi-squared: 5.026300158
51 0.01589761135
52 0.01493590891
53 0.0140386552
54 0.01320018757
55 0.0124160284
56 0.01168191201
57 0.01099398366
58 0.01034870095
59 0.009742817743
60 0.009173351574
61 0.008637559829
62 0.008132917918
63 0.007657101124
64 0.00720796963
65 0.006783556744
66 0.006382060217
67 0.006001836575
68 0.005641398451
69 0.005299414969
70 0.004974715344
71 0.004666295806
72 0.004373329918
73 0.004095182047
74 0.003831423398
75 0.003581849444
76 0.003346496929
77 0.003125657941
78 0.002919887811
79 0.002730003037
80 0.002557065075
81 0.002402345828
82 0.002267271256
83 0.002153340705
84 0.00206202151
85 0.001994621067
86 0.001952141721
87 0.001935127179
88 0.001943512214
89 0.001976489725
90 0.002032410085
91 0.002108726955
92 0.002202000969
93 0.002307968149
94 0.002421673991
95 0.002537667493
96 0.002650242925
97 0.002753711674
98 0.002842682875
99 0.002912330274
100 0.002958623994
101 0.0029785095
102 0.002970021496
103 0.002932326986
104 0.002865698498
105 0.002771424574
106 0.002651669465
107 0.002509297107
108 0.002347675673
109 0.002170478452
110 0.001981494859
111 0.001784462446
112 0.001582927236
113 0.001380136178
114 0.001178962613
115 0.0009818629567
116 0.0007908605041
117 0.0006075519419
118 0.000433131825
119 0.0002684284679
120 0.0001139472692
121 -3.008073858e-05
122 -0.0001636523568
123 -0.0002869476933
124 -0.0004002853615
125 -0.0005040890538
126 -0.0005988556293
127 -0.0006851231528
128 -0.0007634591673
129 -0.0008344354055
130 -0.0008986140714
131 -0.0009565523302
132 -0.001008770345
133 -0.001055772604
134 -0.001098032771
135 -0.001135978705
136 -0.001170035685
137 -0.00120056065
138 -0.001227913556
139 -0.001252407934
140 -0.001274320754
141 -0.00129394238
142 -0.001311472114
143 -0.001327170881
144 -0.001341192418
145 -0.001353742598
146 -0.00136496997
147 -0.001375002737
148 -0.001384010203
149 -0.001392040955
150 -0.001399285365
151 -0.001405734696
152 -0.00141157779
153 -0.001416787642
154 -0.001421516101
155 -0.001425762949
156 -0.001429604984
157 -0.001433110923
158 -0.001436249736
159 -0.0014391912
160 -0.001441776937
161 -0.001444289874
162 -0.0014464524
163 -0.001448632251
164 -0.001450496976
165 -0.001452392487
166 -0.00145409941
167 -0.00145570284
168 -0.001457423161
169 -0.001458667787
170 -0.001460601461
171 -0.001461389652
172 -0.001463715257
173 -0.001464007371
174 -0.001466759013
175 -0.001466731553
176 -0.001469625153
177 -0.001469828155
178 -0.001472167742
179 -0.001473488108
180 -0.001474392842
181 -0.001477583236
182 -0.001476700966
183 -0.001481491659
184 -0.001479893471
185 -0.00148435931
186 -0.001484595768
187 -0.001485985421
188 -0.001490246862
189 -0.001487700567
190 -0.001494784337
