# Chi-squared: 2.911917047
51 0.01722501119
52 0.01621154799
53 0.01526618796
54 0.01438308445
55 0.01355744194
56 0.012784743
57 0.01206089416
58 0.01138213737
59 0.01074502881
60 0.0101464053
61 0.009583358882
62 0.009053213892
63 0.008553507943
64 0.008081976379
65 0.007636540165
66 0.007215297116
67 0.006816516405
68 0.006438636333
69 0.006080265477
70 0.005740187323
71 0.005417368511
72 0.005110970645
73 0.004820365288
74 0.004545151313
75 0.004285173157
76 0.004040537777
77 0.003811627392
78 0.003599104346
79 0.003403903896
80 0.003227210478
81 0.0030704132
82 0.002935037147
83 0.002822648632
84 0.002734734877
85 0.002672561591
86 0.002637015412
87 0.002628441621
88 0.00264649056
89 0.002689988113
90 0.002756845912
91 0.002844025403
92 0.002947566216
93 0.003062683953
94 0.003183935819
95 0.003305445516
96 0.003421172207
97 0.003525203283
98 0.003612047654
99 0.003676905938
100 0.003715896163
101 0.00372621823
102 0.003706246611
103 0.003655547851
104 0.003574826415
105 0.003465808467
106 0.003331077641
107 0.003173879434
108 0.002997911456
109 0.00280711555
110 0.002605485339
111 0.002396899343
112 0.002184985971
113 0.001973023191
114 0.001763872751
115 0.001559945971
116 0.001363196452
117 0.001175135069
118 0.0009968614064
119 0.0008291051007
120 0.0006722744602
121 0.0005265079527
122 0.0003917219536
123 0.0002676586571
124 0.0001539299973
125 5.004961464e-05
126 -4.453066081e-05
127 -0.0001303951427
128 -0.0002081519563
129 -0.0002784013455
130 -0.0003417378405
131 -0.0003987396545
132 -0.0004499424483
133 -0.000495877018
134 -0.0005370161201
135 -0.0005738109505
136 -0.0006066928457
137 -0.000636013887
138 -0.0006621704477
139 -0.000685436157
140 -0.000706142722
141 -0.0007245411752
142 -0.0007408521303
143 -0.0007553591963
144 -0.0007681460173
145 -0.0007795488494
146 -0.0007895311288
147 -0.0007984574784
148 -0.0008062258147
149 -0.0008131750673
150 -0.000819209118
151 -0.0008245803271
152 -0.0008292650547
153 -0.0008333795844
154 -0.0008370205521
155 -0.0008401396035
156 -0.0008429764583
157 -0.0008453153487
158 -0.0008475320243
159 -0.0008492735233
160 -0.0008510039383
161 -0.0008523124468
162 -0.0008536414289
163 -0.0008546781281
164 -0.0008556395742
165 -0.0008565751444
166 -0.0008571539887
167 -0.0008581695764
168 -0.0008583207869
169 -0.000859581285
170 -0.000859283582
171 -0.0008608673211
172 -0.0008602204733
173 -0.0008620104971
174 -0.0008613474947
175 -0.0008629443608
176 -0.000862861273
177 -0.0008636491081
178 -0.0008648018741
179 -0.000864306671
180 -0.0008669004023
181 -0.0008653903907
182 -0.0008686025693
183 -0.0008674659379
184 -0.000869475362
185 -0.0008706098556
186 -0.0008698800281
187 -0.0008738607535
188 -0.0008711872023
189 -0.0008756118822
190 -0.0008747378427
