# Chi-squared: 4.725301002
50 0.02643314362
51 0.02452500285
52 0.0227574815
53 0.02111800388
54 0.0195965975
55 0.01818393573
56 0.01687170032
57 0.01565236586
58 0.01451914744
59 0.01346591917
60 0.01248715075
61 0.01157784833
62 0.01073350185
63 0.009950036848
64 0.009223770357
65 0.008551369944
66 0.007929815485
67 0.007356363134
68 0.006828511137
69 0.006343967248
70 0.005900617569
71 0.005496496719
72 0.005129759346
73 0.004798653034
74 0.004501492737
75 0.004236636913
76 0.004002465589
77 0.003797360603
78 0.003619688271
79 0.003467784768
80 0.003339944449
81 0.003234411335
82 0.00314937394
83 0.003082963551
84 0.003033256015
85 0.00299827699
86 0.002976010562
87 0.002964411004
88 0.002961417415
89 0.00296497084
90 0.002973033434
91 0.00298360916
92 0.002994765441
93 0.003004655172
94 0.003011538471
95 0.003013803549
96 0.003009986099
97 0.002998786658
98 0.002979085423
99 0.002949954119
100 0.002910664574
101 0.002860693757
102 0.002799725162
103 0.002727646497
104 0.002644543756
105 0.002550691883
106 0.002446542286
107 0.002332707533
108 0.002209943655
109 0.002079130643
110 0.001941251522
111 0.001797370375
112 0.001648610268
113 0.001496131533
114 0.001341109946
115 0.001184716419
116 0.001028099227
117 0.0008723656275
118 0.0007185665819
119 0.0005676868023
120 0.0004206302495
121 0.0002782126542
122 0.0001411615715
123 1.010132925e-05
124 -0.0001144395509
125 -0.0002320243242
126 -0.0003423279192
127 -0.0004450990409
128 -0.0005401838726
129 -0.0006275208644
130 -0.0007070876317
131 -0.0007789840766
132 -0.0008433158281
133 -0.0009002700564
134 -0.0009500993183
135 -0.0009930094291
136 -0.00102938091
137 -0.00105943384
138 -0.001083590687
139 -0.001102144362
140 -0.001115442793
141 -0.001123917022
142 -0.001127758227
143 -0.001127551078
144 -0.001123321222
145 -0.00111575583
146 -0.001104774078
147 -0.001091069935
148 -0.001074549082
149 -0.001055808609
150 -0.001034831373
151 -0.001012034945
152 -0.0009875450348
153 -0.0009615511815
154 -0.0009343554388
155 -0.0009059051471
156 -0.0008766823403
157 -0.000846407015
158 -0.0008157195612
159 -0.0007841521413
160 -0.0007524580819
161 -0.0007200467724
162 -0.0006877100027
163 -0.0006548345891
164 -0.0006221313101
165 -0.0005891229814
166 -0.0005562421583
167 -0.0005234078052
168 -0.000490445571
169 -0.000458092793
170 -0.0004250503929
171 -0.0003934942145
172 -0.000360310743
173 -0.0003298173886
174 -0.0002964927737
175 -0.0002671043245
176 -0.0002339505526
177 -0.0002052010669
178 -0.0001731252418
179 -0.0001438677105
180 -0.0001143262753
181 -8.315036439e-05
182 -5.726470798e-05
183 -2.387430808e-05
184 -7.221736684e-07
185 3.23815161e-05
186 5.685338339e-05
187 8.445983837e-05
188 0.0001160255984
