# Chi-squared: 3.247570001
51 0.0171124011
52 0.01611936
53 0.01519204124
54 0.01432480398
55 0.01351305833
56 0.01275246743
57 0.01203910247
58 0.01136935424
59 0.01073991403
60 0.01014774126
61 0.009590039228
62 0.009064233139
63 0.008567951933
64 0.008099013402
65 0.007655412631
66 0.007235313652
67 0.00683704422
68 0.006459093718
69 0.006100114274
70 0.005758925263
71 0.005434521337
72 0.005126083996
73 0.004832996427
74 0.00455486085
75 0.004291517027
76 0.004043059862
77 0.003809853254
78 0.003592536645
79 0.003392020108
80 0.003209463516
81 0.00304623546
82 0.002903848301
83 0.002783867227
84 0.002687793411
85 0.002616924358
86 0.002572198005
87 0.002554030675
88 0.002562162136
89 0.002595523122
90 0.002652141182
91 0.002729099349
92 0.002822558604
93 0.002927849801
94 0.003039634049
95 0.003152123401
96 0.003259346993
97 0.003355442442
98 0.003434949183
99 0.003493079865
100 0.003525948126
101 0.003530735602
102 0.003505787318
103 0.003450631769
104 0.003365929036
105 0.003253356467
106 0.003115445977
107 0.002955389687
108 0.002776831201
109 0.002583658647
110 0.002379813096
111 0.00216912253
112 0.001955167668
113 0.001741182421
114 0.00152998878
115 0.001323963183
116 0.001125029594
117 0.0009346746365
118 0.0007539790481
119 0.0005836588685
120 0.0004241135688
121 0.000275477201
122 0.0001376656778
123 1.042374835e-05
124 -0.0001066312428
125 -0.0002139780464
126 -0.0003121561583
127 -0.0004017394455
128 -0.0004833253261
129 -0.0005575033866
130 -0.0006248561616
131 -0.0006859519289
132 -0.000741315252
133 -0.0007914664794
134 -0.0008368704186
135 -0.0008779670245
136 -0.0009151820002
137 -0.0009488581724
138 -0.0009793850482
139 -0.001007032315
140 -0.001032121505
141 -0.001054904704
142 -0.001075591558
143 -0.001094466818
144 -0.00111160823
145 -0.00112734694
146 -0.001141650654
147 -0.001154869058
148 -0.001166915419
149 -0.001178105293
150 -0.00118836492
151 -0.001197920737
152 -0.001206770847
153 -0.001215011449
154 -0.001222751325
155 -0.001229936619
156 -0.001236801192
157 -0.001243145769
158 -0.001249315943
159 -0.001255001692
160 -0.001260610492
161 -0.001265799609
162 -0.001270934315
163 -0.001275782422
164 -0.001280484989
165 -0.001285150845
166 -0.001289422924
167 -0.001294066286
168 -0.001297890248
169 -0.001302644964
170 -0.001306034237
171 -0.001310946475
172 -0.001314027305
173 -0.001318970705
174 -0.001322062071
175 -0.001326689386
176 -0.001330292678
177 -0.001334134611
178 -0.00133871791
179 -0.001341518263
180 -0.001347079171
181 -0.001349261871
182 -0.001354939995
183 -0.001357764057
184 -0.001362078321
185 -0.001366902379
186 -0.001368994832
187 -0.001375716888
188 -0.001376872113
189 -0.001383002071
190 -0.001386492427
