# Chi-squared: 7.476329264
51 0.01609586707
52 0.01500743946
53 0.01399449087
54 0.01305044253
55 0.01216992531
56 0.01134788028
57 0.01057972992
58 0.009861276668
59 0.009188679991
60 0.008558419335
61 0.007967266653
62 0.007412261894
63 0.0068906929
64 0.006400079101
65 0.005938159008
66 0.0055028814
67 0.0050924001
68 0.004705072241
69 0.004339459827
70 0.003994334261
71 0.00366868337
72 0.003361720119
73 0.003072891952
74 0.002801889259
75 0.002548651099
76 0.002313365901
77 0.002096464598
78 0.001898603494
79 0.001720634291
80 0.001563559088
81 0.001428468949
82 0.001316465791
83 0.001228568799
84 0.001165608364
85 0.001128112375
86 0.001116191488
87 0.001129431462
88 0.00116680152
89 0.001226587885
90 0.001306360789
91 0.001402981545
92 0.001512653623
93 0.001631018321
94 0.001753291943
95 0.001874437655
96 0.001989361945
97 0.002093123115
98 0.002181137888
99 0.00224937214
100 0.002294502981
101 0.002314041819
102 0.002306411306
103 0.002270972899
104 0.002208005647
105 0.002118640455
106 0.002004757051
107 0.001868852977
108 0.001713895052
109 0.001543163822
110 0.001360100824
111 0.001168167008
112 0.0009707186453
113 0.0007709049903
114 0.0005715900893
115 0.0003752988266
116 0.0001841855313
117 2.340625241e-08
118 -0.0001757886027
119 -0.0003422066259
120 -0.0004985118841
121 -0.0006442732527
122 -0.0007793098866
123 -0.0009036499736
124 -0.00101748899
125 -0.001121158866
126 -0.00121508992
127 -0.001299780478
128 -0.001375783291
129 -0.00144366733
130 -0.001504015244
131 -0.00155741279
132 -0.001604411361
133 -0.001645570408
134 -0.001681396974
135 -0.001712376825
136 -0.001738986883
137 -0.001761613393
138 -0.001780699317
139 -0.001796554536
140 -0.001809547544
141 -0.00181997182
142 -0.001828069978
143 -0.001834173135
144 -0.001838375659
145 -0.001841059258
146 -0.001842195596
147 -0.001842183908
148 -0.001840936164
149 -0.001838809516
150 -0.001835731471
151 -0.001831956257
152 -0.001827491614
153 -0.001822444544
154 -0.001816944671
155 -0.001810931809
156 -0.001804671632
157 -0.001797944222
158 -0.001791134596
159 -0.001783903812
160 -0.001776699256
161 -0.001769151221
162 -0.001761653175
163 -0.001753963752
164 -0.001746222073
165 -0.001738567384
166 -0.001730587133
167 -0.001723140492
168 -0.001714906422
169 -0.001707807747
170 -0.001699340352
171 -0.001692628218
172 -0.00168407203
173 -0.001677593746
174 -0.001669299212
175 -0.001662666769
176 -0.001655168183
177 -0.001647880214
178 -0.001641648832
179 -0.001633466081
180 -0.001628435726
181 -0.001619876329
182 -0.001615056494
183 -0.001607512274
184 -0.00160131442
185 -0.001596181978
186 -0.00158781925
187 -0.001584801265
188 -0.001575867169
189 -0.00157211446
190 -0.001566194539
