# Chi-squared: 2.334048971
51 0.01594017246
52 0.01501207979
53 0.0141459318
54 0.01333626448
55 0.01257878664
56 0.01186939707
57 0.01120438997
58 0.01058035683
59 0.009994172399
60 0.0094429632
61 0.008924084795
62 0.008435100896
63 0.007973766134
64 0.007538012015
65 0.007125936133
66 0.006735794468
67 0.006365996689
68 0.006015104426
69 0.005681832609
70 0.005365054079
71 0.005063807738
72 0.004777310397
73 0.004504972229
74 0.00424641528
75 0.004001493878
76 0.003770315045
77 0.003553256195
78 0.003350976592
79 0.003164418324
80 0.002994792066
81 0.002843542826
82 0.00271229134
83 0.002602748064
84 0.002516598811
85 0.002455364065
86 0.002420237682
87 0.002411914611
88 0.002430420996
89 0.002474962784
90 0.002543810214
91 0.002634234712
92 0.002742511581
93 0.002863996581
94 0.002993277503
95 0.003124394
96 0.003251111365
97 0.003367227583
98 0.00346688886
99 0.003544887566
100 0.003596918205
101 0.003619771508
102 0.00361145332
103 0.003571222625
104 0.003499550943
105 0.003398012263
106 0.003269118029
107 0.00311611495
108 0.002942764393
109 0.002753121111
110 0.002551326459
111 0.002341427651
112 0.002127230424
113 0.001912188465
114 0.00169932976
115 0.001491217058
116 0.001289937383
117 0.001097115402
118 0.000913945065
119 0.000741232223
120 0.000579444326
121 0.0004287644678
122 0.0002891419206
123 0.0001603405245
124 4.19862549e-05
125 -6.639858953e-05
126 -0.0001653608878
127 -0.0002554845916
128 -0.0003373803362
129 -0.0004116562433
130 -0.0004789087883
131 -0.0005397258338
132 -0.0005946508533
133 -0.0006442156977
134 -0.0006889103016
135 -0.000729181652
136 -0.0007654738865
137 -0.0007981485084
138 -0.0008275914722
139 -0.0008541100954
140 -0.0008780053592
141 -0.0008995672057
142 -0.0009189984777
143 -0.0009365848262
144 -0.0009524485054
145 -0.0009668541997
146 -0.0009798839314
147 -0.0009917512168
148 -0.001002539492
149 -0.001012388341
150 -0.00102140786
151 -0.001029660185
152 -0.001037285079
153 -0.001044283316
154 -0.00105080868
155 -0.00105683043
156 -0.001062488799
157 -0.001067758925
158 -0.001072733404
159 -0.001077434058
160 -0.001081869106
161 -0.001086147145
162 -0.001090159072
163 -0.00109412916
164 -0.001097819156
165 -0.001101560227
166 -0.001105032471
167 -0.001108576547
168 -0.001111960598
169 -0.001115278922
170 -0.001118746204
171 -0.001121750412
172 -0.001125498885
173 -0.001128090296
174 -0.001132260243
175 -0.001134459171
176 -0.00113896552
177 -0.001141099102
178 -0.001145457293
179 -0.001148258203
180 -0.001151626305
181 -0.001155969475
182 -0.001157676927
183 -0.001163787021
184 -0.001164294087
185 -0.001170832364
186 -0.00117229107
187 -0.001176525152
188 -0.001181596841
189 -0.001181698441
190 -0.00119047098
