# Chi-squared: 4.672199023
51 0.01584670014
52 0.01492758041
53 0.01406968665
54 0.01326761541
55 0.01251713213
56 0.01181418742
57 0.01115512282
58 0.01053657333
59 0.009955453641
60 0.009408927013
61 0.008894382846
62 0.008409415994
63 0.007951809705
64 0.007519521673
65 0.00711067328
66 0.006723541876
67 0.006356555994
68 0.00600829347
69 0.005677482555
70 0.005363006226
71 0.005063909938
72 0.004779412986
73 0.004508923395
74 0.004252055824
75 0.004008651377
76 0.003778797505
77 0.003562845368
78 0.003361421272
79 0.003175428055
80 0.003006031835
81 0.002854629426
82 0.002722792188
83 0.00261218325
84 0.002524447089
85 0.002461073323
86 0.002423240102
87 0.00241164633
88 0.002426345593
89 0.002466597397
90 0.002530752645
91 0.002616189495
92 0.002719312869
93 0.002835625733
94 0.002959873565
95 0.003086255838
96 0.003208690856
97 0.003321114105
98 0.003417786079
99 0.003493584186
100 0.003544254853
101 0.003566606153
102 0.003558627628
103 0.003519531411
104 0.003449716439
105 0.003350664355
106 0.003224781043
107 0.003075200952
108 0.002905572509
109 0.002719841999
110 0.002522050831
111 0.002316157673
112 0.002105892831
113 0.001894648374
114 0.001685404304
115 0.001480688204
116 0.001282563493
117 0.001092641236
118 0.0009121101188
119 0.0007417775208
120 0.0005821176022
121 0.0004333239348
122 0.0002953590748
123 0.0001680017405
124 5.089353261e-05
125 -5.642695907e-05
126 -0.0001544908893
127 -0.0002438670169
128 -0.0003251507843
129 -0.0003989372723
130 -0.0004658097159
131 -0.0005263437121
132 -0.0005810733395
133 -0.0006305182236
134 -0.0006751614615
135 -0.0007154409235
136 -0.0007517917934
137 -0.0007845735365
138 -0.0008141586476
139 -0.0008408580562
140 -0.0008649596283
141 -0.0008867539468
142 -0.0009064412515
143 -0.0009242942357
144 -0.0009404514655
145 -0.0009551457445
146 -0.000968494953
147 -0.0009806654777
148 -0.0009917880048
149 -0.001001950958
150 -0.00101130945
151 -0.001019884809
152 -0.001027845145
153 -0.00103517398
154 -0.001042025193
155 -0.001048383518
156 -0.001054354405
157 -0.001059964683
158 -0.001065237168
159 -0.001070277573
160 -0.001074998188
161 -0.001079608676
162 -0.001083900457
163 -0.001088183947
164 -0.001092161281
165 -0.001096178304
166 -0.001099965971
167 -0.001103723786
168 -0.001107476603
169 -0.001110921311
170 -0.001114830176
171 -0.001117863307
172 -0.001122119334
173 -0.001124671484
174 -0.001129356641
175 -0.001131537681
176 -0.00113644794
177 -0.001138723794
178 -0.00114323508
179 -0.001146452138
180 -0.001149669996
181 -0.001154663005
182 -0.001156076534
183 -0.001162791888
184 -0.001163231688
185 -0.001169940225
186 -0.001171871519
187 -0.001175722692
188 -0.001181639295
189 -0.001181292859
190 -0.001190534663
