# Chi-squared: 6.971670736
50 0.02434195186
51 0.02263446387
52 0.02104992404
53 0.01957762368
54 0.01820859883
55 0.01693452573
56 0.01574789973
57 0.01464189362
58 0.01361031241
59 0.01264753419
60 0.01174846438
61 0.0109084951
62 0.01012347049
63 0.009389656774
64 0.00870371623
65 0.008062684178
66 0.007463948141
67 0.00690522826
68 0.006384558069
69 0.005900264728
70 0.005450947839
71 0.005035456032
72 0.004652860607
73 0.004302425648
74 0.003983574228
75 0.003695850538
76 0.00343887809
77 0.003212314398
78 0.003015802935
79 0.002848923455
80 0.002711142109
81 0.002601763053
82 0.002519883458
83 0.002464353959
84 0.002433746584
85 0.002426332116
86 0.002440068582
87 0.002472602224
88 0.002521281811
89 0.002583186593
90 0.002655167558
91 0.002733900982
92 0.002815952622
93 0.002897850298
94 0.002976162118
95 0.003047577233
96 0.003108985797
97 0.003157554791
98 0.003190796519
99 0.003206626918
100 0.003203411302
101 0.003179995776
102 0.003135723264
103 0.003070433805
104 0.002984449519
105 0.002878545348
106 0.002753907252
107 0.002612080029
108 0.002454907232
109 0.002284465952
110 0.002102999222
111 0.001912848524
112 0.001716388871
113 0.001515968889
114 0.001313857082
115 0.001112195312
116 0.0009129616446
117 0.0007179416877
118 0.0005287071695
119 0.0003466054977
120 0.0001727560968
121 8.049867662e-06
122 -0.0001468382968
123 -0.000291437487
124 -0.0004254696719
125 -0.0005488196968
126 -0.0006615248937
127 -0.000763753906
128 -0.0008557698548
129 -0.000937939818
130 -0.001010684675
131 -0.0010744767
132 -0.001129841439
133 -0.001177288266
134 -0.001217384033
135 -0.001250651314
136 -0.001277627393
137 -0.001298846606
138 -0.001314769222
139 -0.001325927469
140 -0.001332701417
141 -0.001335584043
142 -0.001334905929
143 -0.001331077193
144 -0.001324415646
145 -0.001315220935
146 -0.001303819169
147 -0.001290397631
148 -0.001275291211
149 -0.001258593618
150 -0.001240635631
151 -0.001221445398
152 -0.001201332949
153 -0.001180289064
154 -0.001158587532
155 -0.001136208167
156 -0.001113371627
157 -0.00109007743
158 -0.00106646476
159 -0.001042601015
160 -0.001018488113
161 -0.0009943445495
162 -0.0009699346545
163 -0.0009457598827
164 -0.0009211969721
165 -0.000897201055
166 -0.0008725952709
167 -0.0008489306802
168 -0.0008244060786
169 -0.0008011201994
170 -0.000776885313
171 -0.000753857347
172 -0.0007302673957
173 -0.0007071861336
174 -0.0006847143159
175 -0.0006612019837
176 -0.0006402092249
177 -0.0006161784479
178 -0.0005964640769
179 -0.0005726028967
180 -0.0005530143888
181 -0.0005309260758
182 -0.0005096628663
183 -0.0004909820566
184 -0.0004671002374
185 -0.0004515403875
186 -0.0004269492552
187 -0.0004108997162
188 -0.0003905083102
189 -0.0003684034237
