# Chi-squared: 10.31367897
50 0.01345336457
51 0.0127217425
52 0.01204026726
53 0.01140512372
54 0.01081288101
55 0.01026044479
56 0.009745014901
57 0.009264048109
58 0.008815224985
59 0.008396420558
60 0.008005678259
61 0.007641186809
62 0.007301259747
63 0.006984317345
64 0.006688870724
65 0.006413507959
66 0.006156882174
67 0.005917701447
68 0.005694720413
69 0.005486733493
70 0.00529256967
71 0.005111088717
72 0.004941178739
73 0.004781755125
74 0.004631760647
75 0.004490166581
76 0.004355974758
77 0.004228220386
78 0.004105975505
79 0.003988352894
80 0.003874510373
81 0.003763655204
82 0.003655048452
83 0.003548009161
84 0.003441918185
85 0.003336221552
86 0.003230433252
87 0.00312413729
88 0.003016988922
89 0.002908715033
90 0.002799113626
91 0.002688052397
92 0.002575466424
93 0.002461355044
94 0.002345777833
95 0.002228849837
96 0.002110736217
97 0.001991646428
98 0.00187182784
99 0.001751559223
100 0.001631144251
101 0.001510904343
102 0.001391172371
103 0.001272286398
104 0.001154582596
105 0.001038391457
106 0.0009240307967
107 0.0008118015611
108 0.0007019863631
109 0.0005948401404
110 0.0004905968655
111 0.0003894558715
112 0.0002915919377
113 0.0001971485029
114 0.0001062320364
115 1.893296095e-05
116 -6.470843801e-05
117 -0.0001446520697
118 -0.0002209244174
119 -0.0002935170129
120 -0.0003625250102
121 -0.0004279687164
122 -0.0004899823398
123 -0.0005486222671
124 -0.0006040645651
125 -0.0006563414788
126 -0.0007057303866
127 -0.00075218543
128 -0.0007960561534
129 -0.0008373073611
130 -0.0008762177819
131 -0.0009128647766
132 -0.000947420825
133 -0.0009800107884
134 -0.001010811867
135 -0.001039886657
136 -0.001067440636
137 -0.001093560926
138 -0.001118297151
139 -0.001141960592
140 -0.001164317684
141 -0.001185881292
142 -0.001206316796
143 -0.001226093588
144 -0.001244881046
145 -0.00126336165
146 -0.001280497925
147 -0.001298213861
148 -0.001313860547
149 -0.001330713676
150 -0.001345776215
151 -0.001361096568
152 -0.001376327398
153 -0.001390270932
154 -0.001405070598
155 -0.001418916773
156 -0.001432519546
157 -0.001446206299
158 -0.001459946658
159 -0.00147205376
160 -0.00148649592
161 -0.001498340137
162 -0.001511024693
163 -0.001524649012
164 -0.001535781933
165 -0.001549279666
166 -0.001559979618
