# Chi-squared: 5.982255198
51 0.02101038837
52 0.01960883013
53 0.01830548051
54 0.01709218642
55 0.01596179144
56 0.01490772226
57 0.01392401504
58 0.01300523688
59 0.01214644479
60 0.01134314345
61 0.01059125114
62 0.009887070371
63 0.009227263306
64 0.008608831233
65 0.008029097355
66 0.007485692242
67 0.006976541183
68 0.006499852622
69 0.006054106794
70 0.005638043642
71 0.005250649053
72 0.004891138475
73 0.004558936992
74 0.004253655084
75 0.003975059435
76 0.003723038406
77 0.003497562098
78 0.003298637289
79 0.003126257939
80 0.002980352423
81 0.002860729045
82 0.002767021835
83 0.002698638916
84 0.002654716003
85 0.002634077637
86 0.002635208726
87 0.00265623868
88 0.002694940019
89 0.002748742719
90 0.002814764845
91 0.002889859145
92 0.002970674443
93 0.003053729766
94 0.003135498367
95 0.003212498142
96 0.003281384491
97 0.003339041428
98 0.003382666758
99 0.003409847419
100 0.0034186216
101 0.003407524912
102 0.003375618821
103 0.003322500426
104 0.003248293688
105 0.00315362312
106 0.003039571815
107 0.002907626326
108 0.002759611426
109 0.002597618039
110 0.002423927832
111 0.002240937682
112 0.002051086892
113 0.001856789946
114 0.001660376977
115 0.001464042781
116 0.001269805732
117 0.001079477836
118 0.000894643668
119 0.0007166485136
120 0.0005465978237
121 0.0003853606653
122 0.0002335792686
123 9.168980613e-05
124 -4.006376084e-05
125 -0.0001616077071
126 -0.0002730073926
127 -0.0003744602752
128 -0.0004662592236
129 -0.0005487726691
130 -0.0006224462973
131 -0.0006877438868
132 -0.0007451808232
133 -0.0007952784016
134 -0.0008385451573
135 -0.0008755309588
136 -0.0009067027161
137 -0.0009325893415
138 -0.0009536303549
139 -0.0009702724843
140 -0.0009829591588
141 -0.0009920156435
142 -0.0009978999656
143 -0.001000820005
144 -0.00100122585
145 -0.0009992487691
146 -0.0009952883988
147 -0.0009894535932
148 -0.0009820523726
149 -0.0009732173459
150 -0.0009631394363
151 -0.0009520027516
152 -0.0009398750625
153 -0.0009270004645
154 -0.0009133346806
155 -0.0008991732627
156 -0.0008843865316
157 -0.0008692950183
158 -0.0008537297969
159 -0.0008379842386
160 -0.0008219272315
161 -0.0008057328077
162 -0.0007894316072
163 -0.0007729314141
164 -0.0007566048543
165 -0.0007398939298
166 -0.0007237285307
167 -0.0007068827905
168 -0.0006910057114
169 -0.0006741342729
170 -0.000658559899
171 -0.0006418745732
172 -0.000626446745
173 -0.0006103068378
174 -0.0005947027389
175 -0.0005795483114
176 -0.0005634424768
177 -0.000549529332
178 -0.0005329593998
179 -0.0005199446445
180 -0.0005036961982
181 -0.0004904194801
182 -0.000475935112
183 -0.0004609646924
184 -0.0004492887046
185 -0.0004324152879
186 -0.0004225448883
187 -0.0004061187753
188 -0.0003945746345
189 -0.0003825507939
190 -0.0003656794305
