# Chi-squared: 6.970139453
51 0.01489937828
52 0.01398244721
53 0.01312725054
54 0.01232836576
55 0.01158149503
56 0.01088254755
57 0.01022782682
58 0.009613937283
59 0.0090377683
60 0.008496462167
61 0.007987390134
62 0.00750813035
63 0.007056449517
64 0.006630287917
65 0.006227747771
66 0.005847084624
67 0.00548670144
68 0.00514514517
69 0.004821105836
70 0.004513418392
71 0.004221067843
72 0.003943198122
73 0.003679125015
74 0.003428353029
75 0.003190595489
76 0.002965796389
77 0.002754151764
78 0.002556127421
79 0.002372469105
80 0.002204200379
81 0.002052603055
82 0.001919174936
83 0.001805560359
84 0.001713450646
85 0.001644454326
86 0.001599940752
87 0.001580865234
88 0.001587588432
89 0.001619706683
90 0.001675912417
91 0.001753903943
92 0.001850361366
93 0.001961000096
94 0.002080705829
95 0.002203745997
96 0.002324043704
97 0.002435492435
98 0.00253228456
99 0.002609224708
100 0.002662000626
101 0.00268738909
102 0.002683381835
103 0.002649225258
104 0.002585376585
105 0.002493387029
106 0.002375728296
107 0.002235582191
108 0.00207661378
109 0.001902747059
110 0.00171795878
111 0.001526101865
112 0.001330765118
113 0.001135171614
114 0.0009421147556
115 0.000753928204
116 0.0005724838223
117 0.0003992117096
118 0.0002351365352
119 8.092312144e-05
120 -6.307300184e-05
121 -0.0001967523373
122 -0.0003202221613
123 -0.0004337511107
124 -0.0005377251645
125 -0.0006326155106
126 -0.0007189489108
127 -0.0007972786342
128 -0.0008681746368
129 -0.0009322015164
130 -0.0009899069992
131 -0.001041827576
132 -0.001088460134
133 -0.001130282533
134 -0.001167741022
135 -0.001201236552
136 -0.001231165836
137 -0.001257861095
138 -0.001281655616
139 -0.001302839987
140 -0.001321669157
141 -0.001338411209
142 -0.001353249053
143 -0.001366422163
144 -0.00137807222
145 -0.001388386147
146 -0.001397502217
147 -0.001405534175
148 -0.001412640579
149 -0.001418861064
150 -0.001424373893
151 -0.001429166375
152 -0.001433414505
153 -0.001437090511
154 -0.001440334353
155 -0.001443145669
156 -0.001445592527
157 -0.001447741322
158 -0.001449557724
159 -0.001451204385
160 -0.00145252702
161 -0.001453794706
162 -0.001454742253
163 -0.001455716666
164 -0.001456404542
165 -0.001457128015
166 -0.001457686032
167 -0.0014581484
168 -0.001458735892
169 -0.001458872556
170 -0.00145967542
171 -0.001459394576
172 -0.001460577595
173 -0.001459844583
174 -0.001461435856
175 -0.001460421325
176 -0.001462150714
177 -0.001461375405
178 -0.001462590199
179 -0.001462885037
180 -0.001462767081
181 -0.001464826897
182 -0.001463061306
183 -0.001466615976
184 -0.001464218292
185 -0.001467456017
186 -0.00146680466
187 -0.001467167757
188 -0.00147027286
189 -0.001466996061
190 -0.001472690123
