# Chi-squared: 6.520521585
51 0.01944892136
52 0.01805570639
53 0.0167609865
54 0.01555646491
55 0.01443495798
56 0.01338983296
57 0.01241507179
58 0.01150518104
59 0.01065515237
60 0.009860418611
61 0.009116819032
62 0.00842056961
63 0.007768238635
64 0.007156726964
65 0.006583252445
66 0.006045337953
67 0.005540802367
68 0.005067753764
69 0.004624583935
70 0.004209963216
71 0.003822834473
72 0.003462404969
73 0.003128134757
74 0.002819720228
75 0.00253707149
76 0.002280282467
77 0.00204959284
78 0.001845341417
79 0.001667911044
80 0.001517665805
81 0.001394882012
82 0.001299675207
83 0.00123192613
84 0.001191209212
85 0.001176727622
86 0.001187259061
87 0.001221116462
88 0.001276127312
89 0.001349634591
90 0.001438521295
91 0.001539259187
92 0.001647980995
93 0.001760573766
94 0.001872789596
95 0.001980368762
96 0.002079169251
97 0.002165296159
98 0.002235224275
99 0.002285907501
100 0.002314869541
101 0.002320271432
102 0.002300952935
103 0.002256446384
104 0.002186963247
105 0.00209335519
106 0.001977052791
107 0.001839986113
108 0.001684492034
109 0.001513213577
110 0.001328996537
111 0.00113478827
112 0.0009335427576
113 0.0007281355834
114 0.0005212915301
115 0.0003155257778
116 0.0001130996021
117 -8.400858998e-05
118 -0.0002741195236
119 -0.000455857811
120 -0.0006281436461
121 -0.0007901785449
122 -0.0009414258994
123 -0.001081580514
124 -0.001210543657
125 -0.001328395012
126 -0.001435354011
127 -0.001531764482
128 -0.00161806005
129 -0.00169473452
130 -0.00176234433
131 -0.001821455228
132 -0.001872658398
133 -0.001916549524
134 -0.001953689544
135 -0.001984666313
136 -0.002009992168
137 -0.00203019745
138 -0.002045762233
139 -0.002057117978
140 -0.002064725887
141 -0.002068912737
142 -0.002070107093
143 -0.002068562893
144 -0.002064641908
145 -0.002058571941
146 -0.0020506169
147 -0.002041013756
148 -0.002029918837
149 -0.002017589118
150 -0.002004088474
151 -0.001989682044
152 -0.001974373827
153 -0.001958411633
154 -0.001941779806
155 -0.00192467792
156 -0.001907112293
157 -0.001889201625
158 -0.001871015808
159 -0.001852558287
160 -0.00183400454
161 -0.001815207658
162 -0.001796486763
163 -0.001777519423
164 -0.001758782801
165 -0.00173979599
166 -0.001721137496
167 -0.001702291568
168 -0.001683730511
169 -0.001665223234
170 -0.001646692096
171 -0.001628765194
172 -0.001610135287
173 -0.001593017521
174 -0.00157420932
175 -0.001557956539
176 -0.001539151329
177 -0.001523414201
178 -0.001505265751
179 -0.001489177516
180 -0.001472740815
181 -0.001455268902
182 -0.00144131858
183 -0.001422267031
184 -0.001410118174
185 -0.00139121691
186 -0.001378137775
187 -0.001362692706
188 -0.001345534512
189 -0.001335535356
190 -0.001314253645
