# Chi-squared: 7.798072572
52 0.01439764724
53 0.0135945702
54 0.01284391722
55 0.01214103752
56 0.01148228247
57 0.01086412269
58 0.01028340091
59 0.009737284144
60 0.009223253733
61 0.008739048919
62 0.008282597163
63 0.00785194613
64 0.007445217065
65 0.007060590179
66 0.006696321105
67 0.006350776526
68 0.00602247113
69 0.005710089124
70 0.0054124809
71 0.005128635976
72 0.004857643127
73 0.004598653987
74 0.004350865624
75 0.004113531
76 0.003885996651
77 0.003667758027
78 0.003458518414
79 0.003258238838
80 0.003067173099
81 0.00288589092
82 0.002715298925
83 0.002556670063
84 0.002411685571
85 0.002282480919
86 0.002171672403
87 0.002082329773
88 0.002017857766
89 0.001981758847
90 0.001977270665
91 0.002006900893
92 0.002071912525
93 0.002171836707
94 0.002304100625
95 0.002463850958
96 0.002644028638
97 0.002835712653
98 0.003028706116
99 0.003212297065
100 0.003376097263
101 0.003510850418
102 0.00360910872
103 0.003665700983
104 0.003677951279
105 0.003645646228
106 0.003570784307
107 0.003457165835
108 0.00330989435
109 0.003134858959
110 0.002938255461
111 0.002726185833
112 0.00250435582
113 0.002277872847
114 0.002051133712
115 0.001827784457
116 0.00161073305
117 0.00140219738
118 0.001203774288
119 0.001016519392
120 0.0008410313589
121 0.0006775355799
122 0.0005259628664
123 0.0003860219968
124 0.000257263778
125 0.0001391321464
126 3.100649727e-05
127 -6.776462241e-05
128 -0.00015784505
129 -0.0002398919619
130 -0.0003145420855
131 -0.0003824133899
132 -0.0004440870745
133 -0.0005001097887
134 -0.0005509997173
135 -0.0005972211483
136 -0.0006392179415
137 -0.0006773905463
138 -0.0007120983031
139 -0.0007436958321
140 -0.0007724724502
141 -0.0007987264046
142 -0.000822711315
143 -0.0008446491362
144 -0.0008647764021
145 -0.0008832496188
146 -0.0009002688145
147 -0.0009159739702
148 -0.0009304874936
149 -0.0009439855177
150 -0.0009564872258
151 -0.0009682217249
152 -0.0009791210659
153 -0.0009894362757
154 -0.0009990693508
155 -0.00100823138
156 -0.001016869702
157 -0.001025090919
158 -0.001032951622
159 -0.001040411224
160 -0.001047664079
161 -0.001054518568
162 -0.001061287944
163 -0.001067674876
164 -0.001074041621
165 -0.001080084945
166 -0.0010860947
167 -0.001091911033
168 -0.001097590707
169 -0.001103283947
170 -0.001108666416
171 -0.001114298603
172 -0.001119458884
173 -0.001125003323
174 -0.00113010098
175 -0.001135412908
176 -0.001140701276
177 -0.001145569264
178 -0.001151295313
179 -0.001155631834
180 -0.001161783747
181 -0.001165915846
182 -0.001171949627
183 -0.001176754186
184 -0.001181678828
185 -0.001188142488
186 -0.001191328016
187 -0.001199427156
188 -0.001201796391
189 -0.001209613257
190 -0.001213748122
