# Chi-squared: 5.373668038
51 0.01663121071
52 0.01566258387
53 0.01475871991
54 0.01391405398
55 0.01312404122
56 0.01238439392
57 0.01169122776
58 0.01104097586
59 0.01043036926
60 0.009856404684
61 0.009316320338
62 0.008807573885
63 0.00832782425
64 0.00787491669
65 0.007446871186
66 0.007041873981
67 0.006658272173
68 0.006294571343
69 0.005949436317
70 0.005621695231
71 0.00531034712
72 0.005014573092
73 0.004733750888
74 0.004467472157
75 0.004215561173
76 0.003978092996
77 0.003755408303
78 0.003548121364
79 0.003357117018
80 0.003183532106
81 0.003028716922
82 0.002894172845
83 0.002781463736
84 0.002692100911
85 0.002627404476
86 0.002588347374
87 0.002575392159
88 0.002588333851
89 0.002626164457
90 0.002686975462
91 0.002767913242
92 0.002865198861
93 0.002974218292
94 0.003089682272
95 0.003205847603
96 0.003316784814
97 0.003416671588
98 0.003500088092
99 0.003562289847
100 0.003599436046
101 0.003608755943
102 0.003588642463
103 0.003538669535
104 0.003459536894
105 0.003352952336
106 0.00322146599
107 0.003068273727
108 0.00289700731
109 0.002711527535
110 0.002515733916
111 0.002313400919
112 0.002108046768
113 0.00190283725
114 0.001700524017
115 0.00150341412
116 0.00131336583
117 0.001131805935
118 0.0009597626962
119 0.0007979079468
120 0.000646605602
121 0.0005059625994
122 0.0003758757275
123 0.000256077932
124 0.0001461809542
125 4.570585838e-05
126 -4.588256691e-05
127 -0.0001291507845
128 -0.0002046858691
129 -0.0002730654145
130 -0.0003348590574
131 -0.0003906207387
132 -0.0004408615322
133 -0.000486087499
134 -0.0005267496605
135 -0.0005632756955
136 -0.0005960774858
137 -0.0006254877486
138 -0.0006518835978
139 -0.0006755252199
140 -0.0006967250836
141 -0.0007157248673
142 -0.0007327291416
143 -0.0007480114245
144 -0.0007616471057
145 -0.0007739569465
146 -0.0007849066419
147 -0.0007948383974
148 -0.0008036617442
149 -0.0008116888467
150 -0.000818839693
151 -0.0008253411749
152 -0.0008311832809
153 -0.0008364649907
154 -0.0008412868518
155 -0.0008455978
156 -0.0008496256556
157 -0.0008531713122
158 -0.0008565789915
159 -0.0008595336353
160 -0.0008624482669
161 -0.0008649678895
162 -0.0008674714887
163 -0.0008697071101
164 -0.0008718361842
165 -0.0008739441986
166 -0.000875693552
167 -0.0008778346386
168 -0.0008791770401
169 -0.0008814901382
170 -0.0008824261989
171 -0.0008849658635
172 -0.0008856083988
173 -0.0008882547536
174 -0.0008889168727
175 -0.0008913159359
176 -0.000892514291
177 -0.0008941628017
178 -0.0008964126939
179 -0.0008969902099
180 -0.0009003577571
181 -0.0009002228418
182 -0.0009038870069
183 -0.0009043007895
184 -0.0009067142518
185 -0.0009091695886
186 -0.0009092762327
187 -0.0009138972924
188 -0.0009127779449
189 -0.000917182167
190 -0.000918159967
