# Chi-squared: 8.682483237
50 0.02528356358
51 0.02336080917
52 0.02157748626
53 0.01992211876
54 0.01838426908
55 0.01695451387
56 0.01562431327
57 0.01438593624
58 0.01323238338
59 0.0121573238
60 0.01115503894
61 0.01022037404
62 0.009348695251
63 0.008535851603
64 0.00777814067
65 0.007072276875
66 0.00641536148
67 0.005804853284
68 0.005238539168
69 0.004714503675
70 0.004231096954
71 0.003786900521
72 0.003380690488
73 0.003011398114
74 0.00267806779
75 0.002379812807
76 0.002115769555
77 0.001885051079
78 0.001686701127
79 0.001519650098
80 0.001382674411
81 0.00127436093
82 0.001193078075
83 0.001136955149
84 0.001103871233
85 0.001091454699
86 0.001097094007
87 0.001117960022
88 0.001151039558
89 0.001193179342
90 0.001241139091
91 0.00129165188
92 0.001341489605
93 0.001387531042
94 0.001426829777
95 0.001456679293
96 0.001474672536
97 0.001478753562
98 0.001467259171
99 0.00143894896
100 0.001393022695
101 0.001329124544
102 0.001247334262
103 0.001148146012
104 0.001032436025
105 0.0009014207181
106 0.0007566071729
107 0.0005997381988
108 0.0004327342821
109 0.0002576345038
110 7.65385324e-05
111 -0.0001084480333
112 -0.0002952637957
113 -0.0004819362864
114 -0.000666618963
115 -0.0008476210096
116 -0.001023431261
117 -0.001192731957
118 -0.001354406524
119 -0.001507544586
120 -0.001651433428
121 -0.001785551772
122 -0.001909561565
123 -0.002023281223
124 -0.002126683095
125 -0.002219866537
126 -0.002303031945
127 -0.002376490903
128 -0.002440602061
129 -0.002495804423
130 -0.002542571034
131 -0.00258138292
132 -0.002612792018
133 -0.002637267717
134 -0.002655386764
135 -0.002667605515
136 -0.002674446156
137 -0.002676391748
138 -0.002673827935
139 -0.002667308542
140 -0.002657034246
141 -0.002643639958
142 -0.002627151153
143 -0.002608243538
144 -0.002586834077
145 -0.002563558416
146 -0.002538324983
147 -0.002511634705
148 -0.002483488875
149 -0.002454173808
150 -0.002423859545
151 -0.002392572916
152 -0.002360687439
153 -0.002327969661
154 -0.00229498493
155 -0.002261284272
156 -0.002227567148
157 -0.002193256931
158 -0.002159088253
159 -0.002124478906
160 -0.002090073505
161 -0.002055417403
162 -0.002020946517
163 -0.001986436651
164 -0.00195204846
165 -0.001917821053
166 -0.001883643628
167 -0.001849806855
168 -0.001815909341
169 -0.001782618961
170 -0.001748926203
171 -0.001716483399
172 -0.001682715238
173 -0.001651559545
174 -0.001617375852
175 -0.001587766619
176 -0.001553290846
177 -0.00152463288
178 -0.001491157004
179 -0.001461508158
180 -0.001431472413
181 -0.001398400543
182 -0.001373515806
183 -0.00133691935
184 -0.00131490274
185 -0.001279827779
186 -0.001253054997
