# Chi-squared: 131.08739
50 0.005691110821
51 0.005335024625
52 0.005003790202
53 0.004695441818
54 0.004408163419
55 0.004140326691
56 0.003890463748
57 0.003657256182
58 0.003439522991
59 0.003236210459
60 0.003046383089
61 0.002869215391
62 0.002703984257
63 0.002550061689
64 0.002406907617
65 0.002274062621
66 0.002151140343
67 0.002037819439
68 0.001933834929
69 0.001838968873
70 0.001753040332
71 0.001675894628
72 0.001607391991
73 0.001547395731
74 0.001495760151
75 0.001452318451
76 0.001416870953
77 0.001389174006
78 0.001368929952
79 0.001355778562
80 0.001349290323
81 0.00134896194
82 0.001354214358
83 0.001364393543
84 0.001378774161
85 0.001396566198
86 0.001416924438
87 0.001438960604
88 0.00146175784
89 0.001484387111
90 0.001505924998
91 0.00152547227
92 0.001542172607
93 0.001555230792
94 0.001563929707
95 0.001567645532
96 0.001565860577
97 0.001558173302
98 0.001544305193
99 0.001524104261
100 0.001497545126
101 0.001464725708
102 0.001425860766
103 0.001381272556
104 0.001331379051
105 0.001276680169
106 0.001217742604
107 0.00115518379
108 0.001089655491
109 0.001021827667
110 0.0009523731395
111 0.0008819531559
112 0.0008112045191
113 0.0007407288326
114 0.0006710829181
115 0.0006027715514
116 0.0005362431763
117 0.000471885354
118 0.0004100238872
119 0.0003509244335
120 0.0002947907573
121 0.0002417714049
122 0.0001919620777
123 0.0001454068619
124 0.0001021119493
125 6.203908961e-05
126 2.512183064e-05
127 -8.733587723e-06
128 -3.964947268e-05
129 -6.77516887e-05
130 -9.319936636e-05
131 -0.0001161349003
132 -0.0001367327045
133 -0.0001551461411
134 -0.0001715399605
135 -0.0001860838749
136 -0.0001989059392
137 -0.0002102034074
138 -0.000220046778
139 -0.0002286657663
140 -0.0002360702394
141 -0.0002425100925
142 -0.0002479545404
143 -0.0002526434555
144 -0.0002565417463
145 -0.0002598420207
146 -0.0002625418926
147 -0.0002647587016
148 -0.0002665444433
149 -0.0002679340787
150 -0.0002690331823
151 -0.0002698093617
152 -0.0002704018607
153 -0.0002707396103
154 -0.0002709696742
155 -0.0002710057418
156 -0.0002709960613
157 -0.000270824813
158 -0.0002706937624
159 -0.0002703598824
160 -0.0002702373673
161 -0.0002697332563
162 -0.0002697626491
163 -0.0002690481714
164 -0.000269353178
165 -0.0002684192838
166 -0.000269020533
167 -0.0002679969733
168 -0.0002687043703
169 -0.0002679498512
170 -0.0002683326219
171 -0.0002683728543
172 -0.0002679504655
173 -0.0002691572823
174 -0.0002678193741
175 -0.0002699844492
176 -0.000268305948
177 -0.0002705552534
178 -0.0002695898625
179 -0.0002708761992
180 -0.0002714773505
181 -0.0002712814855
182 -0.0002735640163
183 -0.0002721533421
184 -0.0002755048575
185 -0.0002738015029
186 -0.000276935276
187 -0.0002766339712
188 -0.0002774812746
189 -0.0002806582552
190 -0.0002778596598
191 -0.0002840921511
192 -0.0002807975041
193 -0.0002837111481
