# Chi-squared: 127.6122318
50 0.005200339016
51 0.004903704434
52 0.004626867103
53 0.00436826719
54 0.004126437932
55 0.003900059148
56 0.003687926427
57 0.003488945975
58 0.003302124498
59 0.003126562259
60 0.00296144692
61 0.00280604862
62 0.002659715968
63 0.002521872837
64 0.002392015765
65 0.002269711766
66 0.002154596325
67 0.002046371335
68 0.00194480271
69 0.001849717399
70 0.001760999526
71 0.001678585387
72 0.001602457076
73 0.001532634555
74 0.001469166061
75 0.00141211684
76 0.001361556296
77 0.001317543804
78 0.001280113522
79 0.001249258738
80 0.001224916332
81 0.001206952109
82 0.001195147761
83 0.001189190274
84 0.001188664547
85 0.001193049893
86 0.001201720977
87 0.001213953503
88 0.001228934762
89 0.001245778874
90 0.001263546272
91 0.001281266732
92 0.001297965004
93 0.001312687919
94 0.001324531729
95 0.001332668404
96 0.001336369628
97 0.001335027364
98 0.001328170048
99 0.001315473695
100 0.001296767524
101 0.001272033955
102 0.001241403173
103 0.001205142723
104 0.001163642804
105 0.001117398151
106 0.001066987476
107 0.001013051518
108 0.0009562707282
109 0.0008973435003
110 0.0008369658159
111 0.0007758130486
112 0.0007145242669
113 0.0006536894064
114 0.0005938397755
115 0.0005354413341
116 0.0004788907045
117 0.0004245146219
118 0.0003725707211
119 0.0003232502142
120 0.0002766838986
121 0.0002329460396
122 0.0001920613208
123 0.0001540135852
124 0.0001187477292
125 8.618214817e-05
126 5.621168899e-05
127 2.871014094e-05
128 3.547062082e-06
129 -1.942637457e-05
130 -4.0353686e-05
131 -5.938242216e-05
132 -7.666524671e-05
133 -9.233192568e-05
134 -0.0001065367382
135 -0.0001193911118
136 -0.0001310347807
137 -0.0001415728948
138 -0.0001511129398
139 -0.0001597661713
140 -0.0001675992867
141 -0.0001747324529
142 -0.0001811963738
143 -0.0001871125927
144 -0.0001924894541
145 -0.0001974383607
146 -0.000201959406
147 -0.0002061458352
148 -0.0002099974609
149 -0.000213589038
150 -0.0002169197489
151 -0.0002200529151
152 -0.0002229806446
153 -0.0002257650468
154 -0.0002283846032
155 -0.0002309056702
156 -0.0002332965213
157 -0.0002356158879
158 -0.0002378505992
159 -0.0002400044396
160 -0.0002421572036
161 -0.0002441542134
162 -0.0002463063925
163 -0.0002481305665
164 -0.000250366168
165 -0.000251993521
166 -0.0002543746909
167 -0.000255813015
168 -0.0002583308181
169 -0.0002596789605
170 -0.0002621964704
171 -0.0002636887785
172 -0.0002659302445
173 -0.0002678967467
174 -0.0002695575533
175 -0.000272239831
176 -0.0002732353579
177 -0.0002765119404
178 -0.0002772207782
179 -0.0002804708431
180 -0.0002816965144
181 -0.0002840626543
182 -0.0002865462813
183 -0.0002875900351
184 -0.0002913101678
185 -0.0002915927423
186 -0.000295478241
187 -0.0002964226698
188 -0.0002989651234
189 -0.0003018268246
190 -0.000302365584
191 -0.0003069305746
192 -0.0003066868367
193 -0.0003107922851
194 -0.0003125700491
195 -0.0003131312322
