# Chi-squared: 16.59423225
50 0.02187437709
51 0.02036401187
52 0.01896244837
53 0.0176607197
54 0.01645056815
55 0.01532452536
56 0.014275804
57 0.01329824199
58 0.01238624787
59 0.01153475632
60 0.01073919113
61 0.009995435137
62 0.009299806227
63 0.008649038501
64 0.008040267704
65 0.007471019721
66 0.006939200898
67 0.006443088703
68 0.005981321109
69 0.005552882915
70 0.005157087171
71 0.004793549878
72 0.004462156263
73 0.004163017261
74 0.003896415246
75 0.003662738712
76 0.003462406387
77 0.003295782175
78 0.003163083295
79 0.00306428499
80 0.00299902608
81 0.002966520335
82 0.002965479109
83 0.002994050768
84 0.003049782107
85 0.003129606196
86 0.00322985989
87 0.003346332661
88 0.003474346594
89 0.003608865376
90 0.003744628075
91 0.003876301768
92 0.0039986456
93 0.004106677877
94 0.0041958374
95 0.004262130441
96 0.004302255604
97 0.004313700183
98 0.004294803416
99 0.004244784139
100 0.004163732499
101 0.004052567543
102 0.003912964379
103 0.003747256164
104 0.003558317204
105 0.003349434071
106 0.003124171824
107 0.002886241895
108 0.002639377319
109 0.00238722043
110 0.002133226747
111 0.001880586404
112 0.001632165119
113 0.001390465362
114 0.001157603518
115 0.0009353042951
116 0.0007249117252
117 0.0005274052582
118 0.0003434298613
119 0.000173334104
120 1.719853338e-05
121 -0.0001251141086
122 -0.0002539246399
123 -0.0003697088409
124 -0.0004730392054
125 -0.0005645876386
126 -0.0006450663992
127 -0.0007152201378
128 -0.0007758212933
129 -0.0008276002626
130 -0.0008713289453
131 -0.0009076786902
132 -0.000937368169
133 -0.0009610071018
134 -0.0009792049943
135 -0.0009925456068
136 -0.001001469273
137 -0.001006586461
138 -0.001008126259
139 -0.001006756631
140 -0.001002503293
141 -0.0009960685318
142 -0.0009873455951
143 -0.0009769937126
144 -0.0009648863574
145 -0.0009515417959
146 -0.000936922124
147 -0.0009213339312
148 -0.000904888063
149 -0.000887667336
150 -0.0008699263503
151 -0.0008515720914
152 -0.0008329453081
153 -0.0008138591105
154 -0.0007946703767
155 -0.0007751584774
156 -0.0007556881865
157 -0.0007359491981
158 -0.000716482455
159 -0.0006965858257
160 -0.0006774548508
161 -0.0006573337856
162 -0.0006389182692
163 -0.0006184278078
164 -0.0006010538543
165 -0.0005801534318
166 -0.0005638518332
167 -0.0005429074481
168 -0.0005271123609
169 -0.0005071369709
170 -0.0004906180195
171 -0.0004730722184
172 -0.0004544915089
173 -0.0004403740283
174 -0.0004194388172
175 -0.0004081569297
176 -0.0003864145103
177 -0.0003756207339
178 -0.0003558550244
179 -0.0003427753745
180 -0.0003272539546
181 -0.0003104241462
182 -0.0002996479087
183 -0.0002794485161
184 -0.0002721993349
185 -0.0002507280447
186 -0.0002437120768
187 -0.0002257702417
188 -0.0002127240089
189 -0.0002049700365
190 -0.0001811365108
191 -0.0001831341187
192 -0.0001571226135
193 -0.0001506224662
