# Chi-squared: 11.05351917
50 0.02185562278
51 0.02034470209
52 0.01894264236
53 0.01764048315
54 0.01642996754
55 0.01530363268
56 0.01425469934
57 0.01327701713
58 0.01236501009
59 0.01151363244
60 0.01071833163
61 0.009975018161
62 0.00928004117
63 0.008630168897
64 0.008022572987
65 0.007454815452
66 0.006924836996
67 0.006430945259
68 0.005971801397
69 0.005546403336
70 0.005154064009
71 0.004794382982
72 0.004467210015
73 0.004172599487
74 0.003910755034
75 0.003681964397
76 0.00348652519
77 0.003324663144
78 0.003196445242
79 0.003101691018
80 0.003039886012
81 0.003010101977
82 0.003010928698
83 0.003040422296
84 0.003096074512
85 0.00317480668
86 0.003272991024
87 0.003386500426
88 0.003510786236
89 0.003640981939
90 0.003772028702
91 0.003898817357
92 0.004016340115
93 0.004119844484
94 0.004204981571
95 0.004267941115
96 0.004305566369
97 0.004315443126
98 0.004295958766
99 0.004246329018
100 0.004166592031
101 0.004057571239
102 0.00392081018
103 0.003758483838
104 0.003573292018
105 0.003368340894
106 0.003147019086
107 0.002912874241
108 0.002669495335
109 0.002420405534
110 0.002168969258
111 0.001918314831
112 0.001671274873
113 0.001430345469
114 0.001197660179
115 0.0009749804301
116 0.0007637022725
117 0.0005648680455
118 0.0003791920245
119 0.0002070950653
120 4.872935686e-05
121 -9.597417027e-05
122 -0.0002272727484
123 -0.000345586074
124 -0.0004514374648
125 -0.0005454571837
126 -0.0006283251613
127 -0.0007007584185
128 -0.0007635116743
129 -0.0008173013901
130 -0.0008628909143
131 -0.0009009505279
132 -0.0009321950351
133 -0.00095724235
134 -0.0009767019715
135 -0.0009911690918
136 -0.001001089195
137 -0.001007082406
138 -0.001009387981
139 -0.001008680663
140 -0.001004998269
141 -0.0009990492927
142 -0.0009907369415
143 -0.0009807283446
144 -0.0009689034671
145 -0.0009557884264
146 -0.0009413527899
147 -0.0009259037205
148 -0.0009095692798
149 -0.00089241666
150 -0.0008747355855
151 -0.0008563951459
152 -0.0008377925553
153 -0.0008186813914
154 -0.0007994911107
155 -0.0007799312009
156 -0.0007604373449
157 -0.00074064437
158 -0.0007211297968
159 -0.0007011912745
160 -0.0006819823115
161 -0.0006618473521
162 -0.0006433197127
163 -0.0006228507077
164 -0.0006053361238
165 -0.0005844851809
166 -0.0005680331021
167 -0.000547147697
168 -0.0005312120054
169 -0.0005112985597
170 -0.0004946379825
171 -0.0004771976192
172 -0.0004584080199
173 -0.000444520402
174 -0.000423254572
175 -0.0004123108292
176 -0.0003902454699
177 -0.0003796487779
178 -0.0003599118769
179 -0.0003465291646
180 -0.0003316496932
181 -0.0003139838336
182 -0.000304170501
183 -0.0002832358248
184 -0.0002763960568
185 -0.0002551797859
186 -0.0002474082982
187 -0.0002307653673
188 -0.0002164344485
189 -0.0002097844866
190 -0.0001856367989
191 -0.0001872639093
192 -0.0001625181327
193 -0.0001543568936
