# Chi-squared: 14.36249918
50 0.02551109891
51 0.02349664022
52 0.02163816011
53 0.01992111461
54 0.01833453163
55 0.01686804503
56 0.01551248333
57 0.01425957488
58 0.01310189506
59 0.01203276653
60 0.01104618379
61 0.01013674203
62 0.009299573487
63 0.008530289224
64 0.007824925624
65 0.007179894728
66 0.006591937869
67 0.006058082097
68 0.005575599055
69 0.005141966045
70 0.004754829167
71 0.004411968468
72 0.004111265156
73 0.003850670978
74 0.003628179928
75 0.003441802496
76 0.003289542704
77 0.003169378168
78 0.003079243457
79 0.003017016966
80 0.002980511528
81 0.002967468899
82 0.002975558245
83 0.003002378628
84 0.003045465461
85 0.003102300796
86 0.003170327202
87 0.003246964946
88 0.003329632044
89 0.003415766743
90 0.003502851843
91 0.003588440292
92 0.003670181384
93 0.0037458469
94 0.003813356518
95 0.003870801821
96 0.003916468287
97 0.00394885468
98 0.003966689319
99 0.003968942831
100 0.003954837019
101 0.003923849653
102 0.003875715054
103 0.003810420457
104 0.003728198265
105 0.003629514428
106 0.003515053239
107 0.00338569887
108 0.003242514189
109 0.003086717484
110 0.002919657391
111 0.0027427865
112 0.002557634958
113 0.002365784119
114 0.002168839618
115 0.001968406901
116 0.001766068956
117 0.001563362211
118 0.001361758442
119 0.001162650856
120 0.0009673328686
121 0.0007769919024
122 0.0005927039205
123 0.0004154119291
124 0.0002459426144
125 8.499466925e-05
126 -6.687485529e-05
127 -0.000209204239
128 -0.0003416806414
129 -0.0004640903606
130 -0.0005763075869
131 -0.0006783583546
132 -0.0007702749533
133 -0.0008522556652
134 -0.0009245065042
135 -0.0009873007558
136 -0.001041028241
137 -0.001085975759
138 -0.001122673998
139 -0.001151424335
140 -0.001172809892
141 -0.001187181961
142 -0.001195086393
143 -0.001196951174
144 -0.001193228707
145 -0.001184422709
146 -0.001170872972
147 -0.001153139462
148 -0.001131448909
149 -0.001106399783
150 -0.001078103962
151 -0.001047195975
152 -0.001013661667
153 -0.0009781824732
154 -0.0009406069883
155 -0.0009016670084
156 -0.0008610922511
157 -0.000819617957
158 -0.0007769579235
159 -0.0007336824168
160 -0.0006897621173
161 -0.0006452127133
162 -0.0006008105702
163 -0.0005553041116
164 -0.0005111752072
165 -0.0004648520607
166 -0.0004216872047
167 -0.0003746375112
168 -0.0003328986025
169 -0.0002854318868
170 -0.0002450383151
171 -0.0001980675189
172 -0.0001580477804
173 -0.0001133571808
174 -7.182986863e-05
175 -3.174101864e-05
176 1.322747393e-05
177 4.727545562e-05
178 9.570896009e-05
179 0.000125395022
180 0.0001733409086
181 0.0002046525524
182 0.0002446380565
183 0.0002850605838
184 0.0003115138649
185 0.0003624608753
186 0.000379942571
187 0.0004302938434
188 0.0004551978164
189 0.0004869524547
190 0.0005335164591
191 0.0005422402906
192 0.0006009175666
193 0.0006105413145
194 0.0006484366017
195 0.0006903976478
196 0.000690700211
197 0.0007568924016
