# Chi-squared: 11.66387894
50 0.02398548878
51 0.02223677875
52 0.0206164647
53 0.0191141481
54 0.01772022567
55 0.01642608532
56 0.01522395113
57 0.01410682252
58 0.01306840497
59 0.01210305294
60 0.01120571867
61 0.01037190664
62 0.009597631981
63 0.008879381881
64 0.00821407879
65 0.007599044379
66 0.007031963357
67 0.006510846344
68 0.00603399113
69 0.00559994184
70 0.005207445727
71 0.004855407534
72 0.004542841607
73 0.004268822232
74 0.004032432885
75 0.003832715386
76 0.003668620135
77 0.003538958822
78 0.003442361135
79 0.003377237054
80 0.003341746302
81 0.003333776449
82 0.003350930957
83 0.003390528189
84 0.003449612062
85 0.003524974598
86 0.003613190159
87 0.003710660677
88 0.003813670679
89 0.003918450478
90 0.004021245468
91 0.004118389142
92 0.004206377266
93 0.00428194046
94 0.004342112528
95 0.004384291969
96 0.004406294408
97 0.004406394026
98 0.004383352562
99 0.004336434933
100 0.004265411121
101 0.004170544506
102 0.004052567366
103 0.003912644773
104 0.003752328483
105 0.003573502707
106 0.003378324032
107 0.003169157743
108 0.002948512521
109 0.002718975968
110 0.002483153313
111 0.002243609814
112 0.002002818961
113 0.001763119258
114 0.001526676329
115 0.001295452957
116 0.001071191908
117 0.000855398874
118 0.0006493362466
119 0.000454031821
120 0.0002702718562
121 9.86226002e-05
122 -6.0550545e-05
123 -0.0002070895791
124 -0.0003409837142
125 -0.0004623871663
126 -0.0005715830733
127 -0.0006689337011
128 -0.0007549375815
129 -0.0008300952684
130 -0.0008950189787
131 -0.0009503091517
132 -0.0009965984437
133 -0.001034553819
134 -0.001064764863
135 -0.001087934892
136 -0.001104564427
137 -0.001115382226
138 -0.001120757604
139 -0.001121449559
140 -0.001117672108
141 -0.001110204057
142 -0.00109912782
143 -0.001085186066
144 -0.001068414698
145 -0.001049416348
146 -0.001028308818
147 -0.001005431219
148 -0.0009811133025
149 -0.000955331978
150 -0.0009287124544
151 -0.0009008397564
152 -0.000872631207
153 -0.0008433482947
154 -0.0008140953961
155 -0.0007839719362
156 -0.0007540881884
157 -0.0007235861712
158 -0.0006934031585
159 -0.0006628596838
160 -0.0006326897562
161 -0.0006022864917
162 -0.0005724775234
163 -0.0005422374562
164 -0.0005131582959
165 -0.0004830506079
166 -0.0004549200761
167 -0.0004251447937
168 -0.0003976863927
169 -0.0003690584286
170 -0.000341206545
171 -0.0003152435384
172 -0.0002854490167
173 -0.0002635551385
174 -0.0002311800891
175 -0.0002128115303
176 -0.0001800727793
177 -0.0001612798509
178 -0.0001335170714
179 -0.0001085311995
180 -9.04888817e-05
181 -5.719383097e-05
182 -4.70458136e-05
183 -1.155165622e-05
184 3.063603963e-07
185 2.698951973e-05
186 5.029138982e-05
187 6.249366851e-05
188 9.708063133e-05
189 0.0001012983068
190 0.0001355347733
191 0.0001464274027
192 0.000165277877
193 0.0001969351634
