# Chi-squared: 15.13336353
50 0.02168308938
51 0.02019179155
52 0.01880772949
53 0.01752210363
54 0.01632676888
55 0.01521436794
56 0.01417821049
57 0.01321222181
58 0.01231088808
59 0.01146921272
60 0.01068267985
61 0.009947224642
62 0.009259209694
63 0.008615406558
64 0.008012981502
65 0.007449484406
66 0.006922839558
67 0.006431336922
68 0.005973622275
69 0.005548684477
70 0.005155838056
71 0.004794699262
72 0.00446515392
73 0.004167315629
74 0.003901473331
75 0.00366802785
76 0.003467417786
77 0.003300036041
78 0.003166139213
79 0.003065753121
80 0.002998578593
81 0.00296390242
82 0.002960518865
83 0.002986667229
84 0.003039990728
85 0.003117521209
86 0.003215693087
87 0.003330388368
88 0.003457012786
89 0.003590601132
90 0.003725947828
91 0.003857757053
92 0.003980805139
93 0.004090106959
94 0.004181077554
95 0.004249680404
96 0.004292554484
97 0.004307113572
98 0.004291613022
99 0.004245181265
100 0.004167815484
101 0.004060343025
102 0.003924352051
103 0.003762096523
104 0.003576381676
105 0.003370436814
106 0.003147782486
107 0.00291209867
108 0.002667099691
109 0.002416421024
110 0.00216352193
111 0.001911605445
112 0.001663557514
113 0.001421906412
114 0.001188798506
115 0.0009659906083
116 0.0007548597952
117 0.0005564188946
118 0.0003713441172
119 0.0002000141335
120 4.253749151e-05
121 -0.0001011999261
122 -0.000231494968
123 -0.0003488060991
124 -0.0004536902556
125 -0.0005468019641
126 -0.0006288498151
127 -0.0007005605971
128 -0.000762706949
129 -0.0008160131287
130 -0.0008612378913
131 -0.0008990709485
132 -0.0009301978599
133 -0.0009552640581
134 -0.000974844298
135 -0.0009895458478
136 -0.0009998050346
137 -0.00100621333
138 -0.001009046368
139 -0.001008904099
140 -0.001005900039
141 -0.001000641509
142 -0.0009931198489
143 -0.0009839052182
144 -0.0009729511506
145 -0.0009607096706
146 -0.0009472041228
147 -0.0009326797342
148 -0.0009173250693
149 -0.0009011185688
150 -0.0008844621552
151 -0.0008670654707
152 -0.0008495244323
153 -0.0008313438549
154 -0.000813232422
155 -0.0007946005
156 -0.0007761616905
157 -0.0007573352222
158 -0.000738780686
159 -0.0007199234155
160 -0.0007014793258
161 -0.000682640136
162 -0.000664577601
163 -0.0006457011271
164 -0.0006282998551
165 -0.0006093327087
166 -0.0005927157768
167 -0.0005738510016
168 -0.0005576987313
169 -0.0005396676655
170 -0.000523016461
171 -0.0005070985236
172 -0.0004886525253
173 -0.0004759624827
174 -0.0004552265222
175 -0.0004452980792
176 -0.0004239955715
177 -0.0004138213999
178 -0.0003958974852
179 -0.0003813038887
180 -0.0003701146667
181 -0.0003495676598
182 -0.0003440567312
183 -0.0003213191154
184 -0.000315545547
185 -0.0002975207023
186 -0.0002851066331
187 -0.0002761850584
188 -0.0002557166821
189 -0.0002538746504
190 -0.0002307148071
191 -0.0002276165407
192 -0.0002124783998
193 -0.0001952197512
