# Chi-squared: 17.01688241
50 0.02331745956
51 0.02164767091
52 0.02009960989
53 0.01866332593
54 0.01732966152
55 0.01609037513
56 0.0149380129
57 0.0138658486
58 0.01286782147
59 0.0119384848
60 0.01107296096
61 0.01026690229
62 0.009516456345
63 0.00881823447
64 0.008169282368
65 0.007567051539
66 0.007009370432
67 0.006494414236
68 0.006020672323
69 0.005586912499
70 0.005192141421
71 0.004835560765
72 0.004516519031
73 0.004234459203
74 0.003988862855
75 0.003779191658
76 0.003604827652
77 0.003465013967
78 0.003358797994
79 0.003284979202
80 0.003242063944
81 0.003228229528
82 0.003241299738
83 0.003278733642
84 0.003337629132
85 0.00341474206
86 0.003506521176
87 0.003609158375
88 0.003718652969
89 0.003830888024
90 0.003941716108
91 0.004047051241
92 0.004142963445
93 0.004225772089
94 0.004292134201
95 0.004339124085
96 0.004364300991
97 0.00436576211
98 0.004342178874
99 0.004292815339
100 0.004217528231
101 0.004116749102
102 0.003991449833
103 0.003843093389
104 0.003673572283
105 0.003485137604
106 0.003280321826
107 0.00306185854
108 0.002832601942
109 0.002595449279
110 0.00235326894
111 0.002108835105
112 0.001864771465
113 0.001623506225
114 0.001387235028
115 0.001157895091
116 0.0009371530529
117 0.0007263945586
118 0.0005267277133
119 0.0003389979803
120 0.0001637911675
121 1.46528766e-06
122 -0.0001478292986
123 -0.0002841399188
124 -0.0004076536071
125 -0.0005187115698
126 -0.0006177532021
127 -0.0007052966946
128 -0.0007819534078
129 -0.0008483280192
130 -0.0009051206807
131 -0.0009529676184
132 -0.000992577442
133 -0.001024595775
134 -0.00104966255
135 -0.001068443764
136 -0.001081434439
137 -0.001089354243
138 -0.001092494108
139 -0.00109164917
140 -0.001086897195
141 -0.001079081308
142 -0.001068128578
143 -0.001054842437
144 -0.001039120117
145 -0.001021603992
146 -0.001002296355
147 -0.0009815727353
148 -0.0009596358148
149 -0.0009365499055
150 -0.0009127385217
151 -0.0008879890003
152 -0.0008628907626
153 -0.0008370498294
154 -0.0008111245141
155 -0.0007846448261
156 -0.000758271647
157 -0.000731476347
158 -0.0007050111379
159 -0.0006780692038
160 -0.0006519016453
161 -0.0006248111967
162 -0.00059938402
163 -0.0005720205155
164 -0.0005477390106
165 -0.0005200470992
166 -0.0004970142138
167 -0.0004693660714
168 -0.0004470022969
169 -0.0004205445025
170 -0.000397416042
171 -0.0003739468963
172 -0.0003483313832
173 -0.0003292453322
174 -0.0003006328595
175 -0.000285231147
176 -0.0002557823604
177 -0.0002405997777
178 -0.0002146084542
179 -0.0001953019984
180 -0.000176238514
181 -0.0001509847137
182 -0.0001385230388
183 -0.000109769047
184 -9.969566155e-05
185 -7.273938015e-05
186 -5.924050399e-05
187 -3.983131137e-05
188 -1.770337955e-05
189 -9.498294482e-06
190 2.184331631e-05
191 2.357372913e-05
192 5.218903505e-05
193 6.77962353e-05
