# Chi-squared: 15.11627077
50 0.02329947587
51 0.02163063753
52 0.02008346182
53 0.01864800797
54 0.01731511928
55 0.01607655653
56 0.01492486702
57 0.01385332544
58 0.01285587162
59 0.01192705931
60 0.01106201136
61 0.01025638072
62 0.009506315979
63 0.008808430013
64 0.008159770816
65 0.007557793118
66 0.007000329728
67 0.006485561507
68 0.006011984948
69 0.005578376542
70 0.00518375323
71 0.004827328562
72 0.004508464388
73 0.004226618329
74 0.003981287583
75 0.003771950043
76 0.003598004081
77 0.003458708689
78 0.003353126012
79 0.003280068489
80 0.003238052947
81 0.003225264011
82 0.003239528996
83 0.003278306198
84 0.003338688042
85 0.003417419993
86 0.003510935458
87 0.003615406196
88 0.003726806974
89 0.003840992478
90 0.003953783829
91 0.004061061457
92 0.004158860698
93 0.004243466254
94 0.004311501633
95 0.004360009877
96 0.004386522236
97 0.004389112059
98 0.004366431803
99 0.004317731928
100 0.004242861244
101 0.004142249143
102 0.004016870949
103 0.003868198336
104 0.003698137273
105 0.003508956387
106 0.003303209017
107 0.00308365212
108 0.002853164918
109 0.002614670511
110 0.002371063187
111 0.002125142387
112 0.001879555791
113 0.001636753836
114 0.001398952303
115 0.001168106106
116 0.0009458970486
117 0.0007337234393
118 0.0005327033228
119 0.0003436898354
120 0.0001672742124
121 3.817493066e-06
122 -0.0001465280506
123 -0.0002838101425
124 -0.000408217196
125 -0.000520092155
126 -0.0006198789532
127 -0.0007080979073
128 -0.0007853660303
129 -0.0008522921472
130 -0.0009095795518
131 -0.0009578726774
132 -0.0009978791517
133 -0.001030255523
134 -0.0010556396
135 -0.001074705817
136 -0.001087951484
137 -0.001096097004
138 -0.001099443385
139 -0.001098777811
140 -0.001094194272
141 -0.00108652317
142 -0.00107570875
143 -0.001062542476
144 -0.001046935284
145 -0.001029520822
146 -0.001010312164
147 -0.0009896755603
148 -0.000967828689
149 -0.0009448167895
150 -0.0009210925941
151 -0.0008964056479
152 -0.0008713953967
153 -0.0008456087294
154 -0.0008197720815
155 -0.0007933448625
156 -0.0007670555284
157 -0.0007403226049
158 -0.0007139243317
159 -0.0006870721996
160 -0.0006609369381
161 -0.0006339842629
162 -0.000608536922
163 -0.0005813743596
164 -0.0005570135585
165 -0.0005295827609
166 -0.0005064283791
167 -0.0004790717364
168 -0.0004565855638
169 -0.0004304041646
170 -0.000407193108
171 -0.0003839611692
172 -0.000358301529
173 -0.0003394420065
174 -0.0003107798037
175 -0.0002956218327
176 -0.000266155742
177 -0.0002510882776
178 -0.0002253609012
179 -0.0002057503644
180 -0.0001874549399
181 -0.0001614544626
182 -0.0001499753086
183 -0.0001206695848
184 -0.0001108991703
185 -8.450097784e-05
186 -7.002413907e-05
187 -5.224201666e-05
188 -2.871364777e-05
189 -2.163391167e-05
190 9.67843331e-06
191 1.226126891e-05
192 3.896371516e-05
193 5.653355498e-05
