# Chi-squared: 19.8833817
50 0.02273694697
51 0.02113401957
52 0.01964750616
53 0.01826802187
54 0.0169869971
55 0.01579673652
56 0.0146903045
57 0.01366145888
58 0.01270458622
59 0.01181464559
60 0.0109871181
61 0.01021796122
62 0.009503566813
63 0.008840721923
64 0.00822657158
65 0.007658582849
66 0.007134509599
67 0.006652357509
68 0.006210348994
69 0.005806887872
70 0.005440523721
71 0.005109916026
72 0.004813798375
73 0.00455094307
74 0.004320126693
75 0.004120097228
76 0.003949543462
77 0.003807067428
78 0.003691160678
79 0.003600185162
80 0.003532359414
81 0.00348575067
82 0.003458273386
83 0.003447694444
84 0.003451645141
85 0.003467639825
86 0.00349310079
87 0.003525388825
88 0.003561838576
89 0.003599797657
90 0.003636668291
91 0.003669950151
92 0.003697282974
93 0.003716487514
94 0.003725603454
95 0.003722922974
96 0.003707018855
97 0.003676766165
98 0.003631356846
99 0.003570306779
100 0.003493455145
101 0.003400956237
102 0.003293264101
103 0.003171110663
104 0.003035478147
105 0.002887566786
106 0.002728759058
107 0.002560581567
108 0.002384665576
109 0.002202707756
110 0.002016432327
111 0.001827554552
112 0.001637747585
113 0.001448614068
114 0.001261659432
115 0.001078271061
116 0.000899704708
117 0.0007270685354
118 0.0005613183954
119 0.0004032581679
120 0.0002535303056
121 0.0001126328478
122 -1.90811495e-05
123 -0.0001414008487
124 -0.000254222509
125 -0.0003575755381
126 -0.0004515684753
127 -0.0005364031802
128 -0.0006123652615
129 -0.000679761228
130 -0.0007390113359
131 -0.0007904786526
132 -0.0008346584544
133 -0.0008719588057
134 -0.0009028651804
135 -0.0009278596245
136 -0.0009473190243
137 -0.0009618433643
138 -0.0009716270866
139 -0.0009774000576
140 -0.0009791681404
141 -0.0009777378828
142 -0.0009729991618
143 -0.0009657258195
144 -0.0009558089104
145 -0.0009438724158
146 -0.0009299107244
147 -0.000914327137
148 -0.0008972619277
149 -0.0008788989475
150 -0.0008594970675
151 -0.0008390858443
152 -0.0008179679856
153 -0.0007961087965
154 -0.0007737868679
155 -0.0007509449248
156 -0.0007278694442
157 -0.0007043582716
158 -0.0006809732526
159 -0.0006569327945
160 -0.0006337204956
161 -0.0006091197035
162 -0.0005865905751
163 -0.0005613124887
164 -0.0005398755394
165 -0.0005139429742
166 -0.0004936281165
167 -0.0004675401264
168 -0.0004476928547
169 -0.000422639675
170 -0.0004019314536
171 -0.0003794801978
172 -0.0003565962457
173 -0.0003377121139
174 -0.0003124512
175 -0.0002965563706
176 -0.0002703640453
177 -0.0002554167556
178 -0.0002306681096
179 -0.0002143542987
180 -0.0001930652649
181 -0.0001737633775
182 -0.0001572294683
183 -0.0001338815276
184 -0.0001227342385
185 -9.570599804e-05
186 -8.753349025e-05
187 -6.222642071e-05
188 -4.838131602e-05
189 -3.519556379e-05
190 -6.887590923e-06
191 -8.135592486e-06
192 2.616841168e-05
193 3.155889193e-05
