# Chi-squared: 18.16481485
50 0.02165259871
51 0.02016735513
52 0.01878887853
53 0.01750833654
54 0.01631763646
55 0.01520944646
56 0.01417710382
57 0.01321455642
58 0.01231631001
59 0.01147738437
60 0.01069327717
61 0.009959934695
62 0.009273728786
63 0.008631439048
64 0.008030239471
65 0.007467688341
66 0.006941720199
67 0.006450638382
68 0.00599310646
69 0.005568136769
70 0.005175074055
71 0.00481357229
72 0.004483562776
73 0.004185211977
74 0.003918867922
75 0.003684994714
76 0.003484095462
77 0.003316624975
78 0.003182894604
79 0.003082972717
80 0.003016585301
81 0.002983022032
82 0.002981053664
83 0.00300886675
84 0.003064021384
85 0.003143436891
86 0.003243409073
87 0.003359660866
88 0.00348742628
89 0.003621565282
90 0.003756705118
91 0.003887401565
92 0.004008312057
93 0.004114371533
94 0.004200961482
95 0.004264062938
96 0.004300385131
97 0.004307463083
98 0.004283719445
99 0.004228488188
100 0.004142000181
101 0.004025332947
102 0.00388032896
103 0.003709488418
104 0.003515843461
105 0.003302821356
106 0.003074104232
107 0.002833492247
108 0.002584776036
109 0.002331623677
110 0.002077485553
111 0.00182551831
112 0.001578529822
113 0.001338944893
114 0.001108787336
115 0.0008896802247
116 0.0006828612056
117 0.0004892029664
118 0.0003092487832
119 0.0001432509538
120 -8.796452769e-06
121 -0.0001471046141
122 -0.0002720611899
123 -0.0003841913051
124 -0.0004841089168
125 -0.0005725190453
126 -0.0006501464255
127 -0.0007177577729
128 -0.0007761196001
129 -0.0008259649787
130 -0.0008680630657
131 -0.0009030586265
132 -0.0009316822715
133 -0.0009544953173
134 -0.0009721238145
135 -0.0009851038788
136 -0.0009938798911
137 -0.0009990306323
138 -0.001000775933
139 -0.0009997594893
140 -0.0009960045534
141 -0.000990174633
142 -0.000982185418
143 -0.0009726377863
144 -0.0009614406259
145 -0.0009490644565
146 -0.0009354742428
147 -0.000920994399
148 -0.0009056474513
149 -0.0008896549063
150 -0.000873045023
151 -0.0008560160364
152 -0.0008385324992
153 -0.0008208367904
154 -0.0008028051753
155 -0.0007847022361
156 -0.0007664291081
157 -0.0007480544348
158 -0.0007298708464
159 -0.0007112246689
160 -0.0006935078262
161 -0.0006744780941
162 -0.0006576108342
163 -0.0006380764178
164 -0.0006223044711
165 -0.0006023382328
166 -0.0005875500239
167 -0.0005676271674
168 -0.000553239896
169 -0.0005342092728
170 -0.0005193779646
171 -0.0005020963551
172 -0.0004861924668
173 -0.0004710431444
174 -0.0004540122182
175 -0.000440812948
176 -0.0004229515248
177 -0.0004114354263
178 -0.0003928978356
179 -0.0003828807335
180 -0.0003641921558
181 -0.000354275261
182 -0.0003381044955
183 -0.0003242931159
184 -0.0003152190073
185 -0.0002938927628
186 -0.0002924315795
187 -0.0002680496226
188 -0.0002642055185
189 -0.0002505024444
190 -0.0002310774181
191 -0.0002349346914
192 -0.00020414128
