# Chi-squared: 15.70307239
50 0.0234495882
51 0.02176302619
52 0.02019963276
53 0.01874937336
54 0.01740301947
55 0.01615227469
56 0.01498964397
57 0.01390837224
58 0.01290238058
59 0.01196621292
60 0.01109498897
61 0.01028436261
62 0.009530484467
63 0.00882996739
64 0.008179853727
65 0.007577583311
66 0.007020961109
67 0.006508123627
68 0.00603750326
69 0.005607789959
70 0.005217889771
71 0.004866880067
72 0.004553961523
73 0.004278407227
74 0.004039509603
75 0.003836526142
76 0.003668625232
77 0.003534833635
78 0.003433987365
79 0.003364687837
80 0.003325265205
81 0.003313750732
82 0.003327859843
83 0.003364987255
84 0.003422215141
85 0.00349633483
86 0.003583881979
87 0.003681184564
88 0.003784422437
89 0.003889696618
90 0.003993106013
91 0.004090828766
92 0.004179205213
93 0.004254819266
94 0.004314575038
95 0.004355765705
96 0.004376131921
97 0.004373907564
98 0.004347851129
99 0.004297261771
100 0.004221979606
101 0.004122370631
102 0.003999297206
103 0.003854075669
104 0.003688423043
105 0.003504395178
106 0.003304319018
107 0.003090721604
108 0.002866258179
109 0.00263364222
110 0.002395579785
111 0.002154708867
112 0.001913546219
113 0.001674443904
114 0.001439552166
115 0.001210792245
116 0.0009898419044
117 0.0007781215558
118 0.0005767939368
119 0.0003867749752
120 0.0002087320564
121 4.311226019e-05
122 -0.000109841621
123 -0.000250084896
124 -0.0003777148448
125 -0.0004929891604
126 -0.0005962701512
127 -0.0006880075519
128 -0.0007687540745
129 -0.0008390635373
130 -0.0008995974451
131 -0.0009509586863
132 -0.0009938351786
133 -0.001028855611
134 -0.001056652282
135 -0.001077889703
136 -0.001093061857
137 -0.001102901521
138 -0.001107699354
139 -0.001108276142
140 -0.001104707187
141 -0.001097869444
142 -0.001087686102
143 -0.001074996213
144 -0.001059695142
145 -0.001042456045
146 -0.001023285037
147 -0.001002579073
148 -0.000980551924
149 -0.0009572790163
150 -0.0009332008828
151 -0.0009081079195
152 -0.000882609086
153 -0.0008563092252
154 -0.000829885314
155 -0.0008028643173
156 -0.0007759252875
157 -0.0007485307546
158 -0.0007214604779
159 -0.0006938763075
160 -0.0006670920646
161 -0.0006393218835
162 -0.0006132937789
163 -0.0005852127124
164 -0.0005603683778
165 -0.0005319246789
166 -0.0005083727674
167 -0.0004799615473
168 -0.0004570975097
169 -0.0004299193174
170 -0.000406251478
171 -0.0003821791732
172 -0.0003559229129
173 -0.0003364011247
174 -0.0003070368851
175 -0.0002913381564
176 -0.0002611031841
177 -0.0002456568233
178 -0.0002189696385
179 -0.0001993142354
180 -0.0001797438738
181 -0.0001539894563
182 -0.0001412447784
183 -0.0001118301285
184 -0.0001016777002
185 -7.395872342e-05
186 -6.045516449e-05
187 -4.040785771e-05
188 -1.801346297e-05
189 -9.680198632e-06
190 2.250247653e-05
191 2.380362747e-05
192 5.34484764e-05
193 6.898128977e-05
