# Chi-squared: 18.23684359
50 0.02170531215
51 0.02019914246
52 0.01880199929
53 0.01750501366
54 0.01629983361
55 0.01517893782
56 0.01413545194
57 0.01316311139
58 0.01225619721
59 0.01140948991
60 0.01061822878
61 0.009878079274
62 0.009185107458
63 0.008535761215
64 0.00792685805
65 0.007355579029
66 0.006819468351
67 0.006316437796
68 0.00584477495
69 0.00540315368
70 0.004990644835
71 0.004606724572
72 0.004251277172
73 0.00392458875
74 0.003627327932
75 0.003360509612
76 0.003125438227
77 0.002923627845
78 0.002756697711
79 0.002626243738
80 0.002533688775
81 0.002480116987
82 0.002466100392
83 0.002491527922
84 0.00255544924
85 0.002655946482
86 0.002790046907
87 0.002953687896
88 0.003141742962
89 0.00334811339
90 0.003565885276
91 0.003787546397
92 0.004005252176
93 0.004211125458
94 0.004397571477
95 0.004557587671
96 0.004685048007
97 0.004774943385
98 0.004823563163
99 0.004828607588
100 0.004789226376
101 0.004705984338
102 0.004580760163
103 0.004416588857
104 0.004217461513
105 0.003988097743
106 0.003733706482
107 0.003459749995
108 0.003171723779
109 0.002874962149
110 0.002574476704
111 0.002274831609
112 0.001980055693
113 0.001693590292
114 0.001418270588
115 0.001156332609
116 0.0009094421367
117 0.0006787434745
118 0.0004649133939
119 0.0002682233314
120 8.861034867e-05
121 -7.426954236e-05
122 -0.0002209754874
123 -0.0003522224662
124 -0.0004688548721
125 -0.0005717749774
126 -0.0006619341134
127 -0.0007403054177
128 -0.0008078230169
129 -0.000865442982
130 -0.0009140342543
131 -0.0009544543191
132 -0.000987509771
133 -0.001013908257
134 -0.001034394072
135 -0.001049529181
136 -0.001059969173
137 -0.001066174367
138 -0.001068679753
139 -0.001067887128
140 -0.001064202989
141 -0.001057987554
142 -0.001049539145
143 -0.001039173953
144 -0.00102710956
145 -0.001013620477
146 -0.0009988527235
147 -0.0009830654336
148 -0.0009663119878
149 -0.0009488889454
150 -0.0009307117958
151 -0.0009121796947
152 -0.0008930222179
153 -0.0008737906528
154 -0.0008540132372
155 -0.0008343841649
156 -0.0008143003353
157 -0.0007944679711
158 -0.0007743814955
159 -0.0007544259028
160 -0.000734662919
161 -0.0007145497702
162 -0.0006954677783
163 -0.0006750801701
164 -0.0006570231108
165 -0.0006362582013
166 -0.000619432042
167 -0.0005983684515
168 -0.0005826657795
169 -0.0005617344297
170 -0.0005466106105
171 -0.0005266401015
172 -0.0005111879896
173 -0.00049318824
174 -0.0004764984433
175 -0.0004611925574
176 -0.0004428687217
177 -0.0004302244088
178 -0.0004107317345
179 -0.000399799415
180 -0.0003804596482
181 -0.0003695097861
182 -0.0003523275591
183 -0.0003390638242
184 -0.000326389237
185 -0.0003086995271
186 -0.0003017253818
187 -0.0002801737126
188 -0.0002756829216
189 -0.0002565615598
190 -0.0002457868941
191 -0.0002383063013
192 -0.0002150026952
193 -0.0002185386701
194 -0.0001930857119
195 -0.0001868763789
