# Chi-squared: 14.71546514
50 0.02194300928
51 0.02042379857
52 0.01901405743
53 0.01770480913
54 0.01648774158
55 0.01535535229
56 0.01430082289
57 0.01331796765
58 0.01240117766
59 0.01154537634
60 0.0107459821
61 0.009998877721
62 0.009300385601
63 0.008647247872
64 0.00803661041
65 0.007466009541
66 0.006933360203
67 0.006436944098
68 0.005975396307
69 0.005547688707
70 0.00515310854
71 0.004791230525
72 0.004461881093
73 0.00416509365
74 0.003901054201
75 0.003670037296
76 0.00347233294
77 0.003308165962
78 0.003177610164
79 0.003080500408
80 0.00301634656
81 0.002984253759
82 0.002982853808
83 0.003010252498
84 0.003063997335
85 0.003141069412
86 0.003237902098
87 0.003350427855
88 0.003474152857
89 0.003604257401
90 0.003735718393
91 0.003863448651
92 0.003982446549
93 0.004087948602
94 0.00417557729
95 0.004241476545
96 0.004282428
97 0.004295942239
98 0.004280320785
99 0.004234686346
100 0.0041589807
101 0.004053931465
102 0.003920990686
103 0.003762249601
104 0.003580334912
105 0.003378292572
106 0.003159465339
107 0.0029273701
108 0.002685580165
109 0.002437617399
110 0.002186858018
111 0.001936453636
112 0.001689269495
113 0.001447841464
114 0.001214348142
115 0.0009905986507
116 0.0007780376398
117 0.0005777558752
118 0.0003905129387
119 0.0002167724577
120 5.672570756e-05
121 -8.966405611e-05
122 -0.0002226228178
123 -0.0003425475936
124 -0.0004499427726
125 -0.0005454194319
126 -0.0006296539
127 -0.0007033465069
128 -0.0007672547284
129 -0.0008220925332
130 -0.0008686138821
131 -0.0009075131382
132 -0.0009394759535
133 -0.0009651628098
134 -0.0009851528268
135 -0.001000070651
136 -0.001010364154
137 -0.001016636776
138 -0.001019184745
139 -0.001018611433
140 -0.001015057753
141 -0.001009128207
142 -0.001000842892
143 -0.0009907676886
144 -0.0009788812573
145 -0.0009656328741
146 -0.0009510664481
147 -0.0009354241508
148 -0.0009189153719
149 -0.0009015079247
150 -0.00088363427
151 -0.0008649762872
152 -0.0008461785038
153 -0.0008266964061
154 -0.0008073048114
155 -0.0007873511514
156 -0.0007676162033
157 -0.0007474700927
158 -0.0007276013376
159 -0.0007074525473
160 -0.0006876654221
161 -0.0006675908239
162 -0.0006481422848
163 -0.000628109162
164 -0.0006092725491
165 -0.000589232081
166 -0.0005711461669
167 -0.000551266413
168 -0.0005336558989
169 -0.0005146173265
170 -0.0004965763476
171 -0.0004796103095
172 -0.0004598774956
173 -0.0004460895527
174 -0.0004241608385
175 -0.0004131033556
176 -0.0003907032963
177 -0.0003793227393
178 -0.0003605142285
179 -0.0003444584602
180 -0.0003327771501
181 -0.000310454391
182 -0.0003046513803
183 -0.000280332197
184 -0.0002736967455
185 -0.0002551160488
186 -0.0002406824616
187 -0.0002322413762
188 -0.0002093589791
189 -0.0002075498306
190 -0.0001833897634
191 -0.000178383039
192 -0.0001641442202
193 -0.0001439647576
