# Chi-squared: 18.03933611
50 0.02349001728
51 0.02181838374
52 0.02026880193
53 0.01883099686
54 0.0174956799
55 0.01625444268
56 0.01509967733
57 0.01402450965
58 0.01302274259
59 0.01208880974
60 0.01121773734
61 0.01040511346
62 0.009647063066
63 0.008940227293
64 0.008281745429
65 0.007669237559
66 0.007100785948
67 0.006574912965
68 0.006090553381
69 0.005647018907
70 0.005243953091
71 0.004881275065
72 0.004559111132
73 0.004277714079
74 0.00403737099
75 0.003838301345
76 0.003680548344
77 0.00356386745
78 0.003487617167
79 0.003450657774
80 0.003451264213
81 0.003487059308
82 0.003554973085
83 0.003651232982
84 0.003771388389
85 0.003910371102
86 0.004062591197
87 0.004222065609
88 0.004382574444
89 0.004537838229
90 0.004681707539
91 0.004808355293
92 0.004912461808
93 0.004989382904
94 0.005035292304
95 0.00504729113
96 0.005023479331
97 0.004962986219
98 0.004865959751
99 0.004733516582
100 0.004567657101
101 0.004371151378
102 0.00414740317
103 0.003900299867
104 0.003634056525
105 0.003353061445
106 0.003061729906
107 0.002764372247
108 0.002465080285
109 0.002167633913
110 0.001875431294
111 0.001591441381
112 0.001318175215
113 0.001057680716
114 0.0008115514938
115 0.0005809454812
116 0.0003666259977
117 0.0001689940601
118 -1.186598472e-05
119 -0.0001761267473
120 -0.000324199336
121 -0.000456654274
122 -0.0005742036108
123 -0.0006776710922
124 -0.0007679075918
125 -0.000845856523
126 -0.000912412483
127 -0.0009685169054
128 -0.001015056737
129 -0.001052893527
130 -0.001082867891
131 -0.00110572125
132 -0.001122240718
133 -0.001132999035
134 -0.001138776472
135 -0.001139912125
136 -0.001137239821
137 -0.001130841134
138 -0.001121599738
139 -0.001109414072
140 -0.001095118444
141 -0.001078580685
142 -0.001060455219
143 -0.001040705332
144 -0.001019755725
145 -0.0009976722492
146 -0.0009747297009
147 -0.0009509813524
148 -0.000926721809
149 -0.0009018306874
150 -0.000876773469
151 -0.0008511850782
152 -0.0008256771183
153 -0.000799827106
154 -0.0007740321327
155 -0.0007483782878
156 -0.000722320088
157 -0.0006972761071
158 -0.0006710000196
159 -0.0006467522173
160 -0.0006205278466
161 -0.0005969171726
162 -0.0005712494807
163 -0.0005479510793
164 -0.0005232027651
165 -0.0005003087312
166 -0.0004760301529
167 -0.0004546318818
168 -0.0004293545612
169 -0.0004111043434
170 -0.0003836243355
171 -0.0003686829781
172 -0.000340473573
173 -0.0003255619082
174 -0.000301250794
175 -0.0002814996986
176 -0.0002646693594
177 -0.0002389291213
178 -0.0002279602938
179 -0.0001998283813
180 -0.0001904709089
181 -0.0001635863496
182 -0.000153028689
183 -0.0001302993878
184 -0.0001139402719
185 -0.0001022771807
186 -7.257458223e-05
187 -7.557255596e-05
188 -3.847510763e-05
189 -3.719854889e-05
