# Chi-squared: 18.66975986
50 0.02334559452
51 0.02167448821
52 0.02012520856
53 0.01868777553
54 0.01735303264
55 0.0161127329
56 0.01495942026
57 0.01388636709
58 0.01288751276
59 0.01195741202
60 0.01109119016
61 0.01028450382
62 0.009533506283
63 0.008834815876
64 0.008185486453
65 0.007582978619
66 0.007025130622
67 0.006510127806
68 0.006036469645
69 0.005602933526
70 0.005208534629
71 0.004852481517
72 0.004534127337
73 0.004252916878
74 0.004008330088
75 0.003799823062
76 0.003626767876
77 0.003488392999
78 0.0033837263
79 0.003311542898
80 0.003270320182
81 0.003258202322
82 0.00327297644
83 0.003312062266
84 0.003372516713
85 0.003451054192
86 0.003544082823
87 0.003647756008
88 0.003758038043
89 0.003870781712
90 0.003981815138
91 0.004087034658
92 0.004182500065
93 0.004264528382
94 0.004329782292
95 0.004375349598
96 0.004398810425
97 0.004398289485
98 0.004372491426
99 0.00432071806
100 0.004242867146
101 0.004139413202
102 0.004011371656
103 0.003860248313
104 0.003687976615
105 0.003496845616
106 0.003289421938
107 0.003068468821
108 0.002836865145
109 0.002597527663
110 0.002353339044
111 0.002107082592
112 0.001861386382
113 0.001618678654
114 0.001381151051
115 0.001150733726
116 0.0009290835471
117 0.0007175739428
118 0.0005173001326
119 0.000329093033
120 0.0001535234232
121 -9.064140737e-06
122 -0.0001585353972
123 -0.0002949498327
124 -0.0004185070817
125 -0.0005295629407
126 -0.0006285616959
127 -0.0007160381773
128 -0.0007926059769
129 -0.0008588782951
130 -0.0009155674519
131 -0.0009632996511
132 -0.001002810469
133 -0.001034721658
134 -0.001059701766
135 -0.001078399682
136 -0.001091318672
137 -0.001099187718
138 -0.001102274345
139 -0.001101410986
140 -0.001096629952
141 -0.001088822222
142 -0.001077869478
143 -0.001064612831
144 -0.001048918714
145 -0.001031454298
146 -0.001012194142
147 -0.0009915514021
148 -0.0009696683184
149 -0.0009467002802
150 -0.0009229380144
151 -0.0008983469231
152 -0.0008732892224
153 -0.0008476411167
154 -0.0008217571856
155 -0.000795482433
156 -0.0007691807075
157 -0.0007425582375
158 -0.0007162473474
159 -0.0006893800404
160 -0.0006635197663
161 -0.000636332579
162 -0.0006114276406
163 -0.0005837520894
164 -0.0005602166924
165 -0.0005320298755
166 -0.0005098844521
167 -0.0004816813043
168 -0.0004602002836
169 -0.0004332566627
170 -0.0004109387401
171 -0.0003870077562
172 -0.0003623072957
173 -0.0003425140882
174 -0.0003151486467
175 -0.000298805135
176 -0.000270498052
177 -0.0002550788501
178 -0.0002287807998
179 -0.0002113747787
180 -0.0001895350354
181 -0.0001683502532
182 -0.0001520533843
183 -0.000126594545
184 -0.0001156318753
185 -8.718550094e-05
186 -7.8330063e-05
187 -5.282007094e-05
188 -3.728036144e-05
189 -2.483995796e-05
190 5.531943787e-06
191 3.598865755e-06
192 3.896023034e-05
193 4.562089737e-05
