# Chi-squared: 821.9219147
7 2.614435924
8 2.440725298
9 2.201515877
10 1.953574695
11 1.720679394
12 1.510963401
13 1.325994487
14 1.164565109
15 1.024409618
16 0.9029913691
17 0.7978505954
18 0.7067469361
19 0.6277034104
20 0.5590051563
21 0.4991787801
22 0.4469648577
23 0.4012897774
24 0.3612392409
25 0.3260346055
26 0.2950123278
27 0.2676063673
28 0.2433333083
29 0.2217797488
30 0.2025916619
31 0.1854654326
32 0.1701403042
33 0.1563920227
34 0.1440274555
35 0.132880039
36 0.122805922
37 0.1136806951
38 0.1053966142
39 0.09786023598
40 0.09099040365
41 0.08471653059
42 0.0789771358
43 0.07371859064
44 0.06889404625
45 0.0644625145
46 0.06038807899
47 0.05663921643
48 0.05318820881
49 0.05001063465
50 0.04708492677
51 0.04439198613
52 0.0419148428
53 0.0396383552
54 0.03754894386
55 0.03563435421
56 0.03388344435
57 0.03228599414
58 0.03083253379
59 0.02951419066
60 0.02832255295
61 0.02724954903
62 0.02628734127
63 0.02542823726
64 0.02466461625
65 0.02398887107
66 0.02339336504
67 0.0228704033
68 0.02241222264
69 0.02201099561
70 0.0216588483
71 0.02134789096
72 0.02107026002
73 0.02081817379
74 0.02058399565
75 0.02036030339
76 0.02013996274
77 0.01991620307
78 0.01968269425
79 0.01943361955
80 0.01916374304
81 0.01886846981
82 0.01854389769
83 0.01818685702
84 0.01779493767
85 0.01736650286
86 0.01690068971
87 0.01639739683
88 0.01585725568
89 0.01528158968
90 0.01467236193
91 0.0140321129
92 0.0133638909
93 0.01267117225
94 0.01195777728
95 0.01122778706
96 0.01048545536
97 0.009735125123
98 0.008981150216
99 0.008227808634
100 0.007479248152
101 0.006739409281
102 0.006011976482
103 0.005300347278
104 0.004607554966
105 0.003936322448
106 0.003288921521
107 0.00266732667
108 0.002073029015
109 0.001507256253
110 0.000970733209
111 0.000463987205
112 -1.290094931e-05
113 -0.0004600200943
114 -0.000877927071
115 -0.001267050814
116 -0.001628499145
117 -0.001963043726
118 -0.002272151354
119 -0.002556497525
120 -0.002818462282
121 -0.003058002614
122 -0.003277988767
123 -0.003478869419
124 -0.00366230971
125 -0.003830087271
126 -0.003982892863
127 -0.004122676372
128 -0.004250027246
129 -0.004367156954
130 -0.004473414115
131 -0.004572299947
132 -0.004662287786
133 -0.004745877689
134 -0.004823790696
135 -0.004895556384
136 -0.004963650983
137 -0.005027142525
