# Chi-squared: 2275.745819
7 3.014108165
8 2.821564443
9 2.542400614
10 2.248872727
11 1.971698946
12 1.721628953
13 1.50103379
14 1.308693626
15 1.141988225
16 0.9979059983
17 0.8734946137
18 0.7660493246
19 0.6731753387
20 0.5927911131
21 0.5231060191
22 0.462588437
23 0.4099322584
24 0.3640252424
25 0.323920475
26 0.2888114713
27 0.2580107866
28 0.2309318469
29 0.207073603
30 0.1860075354
31 0.167366694
32 0.150836453
33 0.1361467124
34 0.1230653177
35 0.1113924823
36 0.1009560613
37 0.09160754325
38 0.08321864765
39 0.07567843219
40 0.06889082921
41 0.0627725469
42 0.05725128009
43 0.0522641842
44 0.0477565692
45 0.04368078182
46 0.03999524756
47 0.03666364778
48 0.03365421139
49 0.03093910045
50 0.02849387634
51 0.02629703442
52 0.02432959579
53 0.02257474714
54 0.02101751988
55 0.01964450327
56 0.0184435877
57 0.01740373361
58 0.01651476281
59 0.01576717008
60 0.01515195482
61 0.01466047157
62 0.01428429892
63 0.01401512567
64 0.01384465536
65 0.01376453205
66 0.01376628453
67 0.01384128974
68 0.01398075457
69 0.0141757162
70 0.01441706481
71 0.01469558225
72 0.01500199643
73 0.01532704951
74 0.01566157775
75 0.01599660446
76 0.01632343828
77 0.01663377466
78 0.01691979792
79 0.01717428114
80 0.01739068143
81 0.01756322541
82 0.01768698309
83 0.01775792805
84 0.01777298335
85 0.01773004896
86 0.01762801021
87 0.01746672838
88 0.01724701324
89 0.01697057993
90 0.01663998768
91 0.01625856245
92 0.01583030911
93 0.01535981418
94 0.01485214075
95 0.01431271989
96 0.01374723821
97 0.0131615233
98 0.01256144446
99 0.01195280392
100 0.0113412448
101 0.01073217736
102 0.0101306758
103 0.009541466861
104 0.008968815864
105 0.008416550233
106 0.007887994789
107 0.007385960369
108 0.006912802249
109 0.00647026025
110 0.006059778702
111 0.005682099493
112 0.005337836021
113 0.005026784241
114 0.004748999582
115 0.004503434878
116 0.004289598037
117 0.004105960542
118 0.003951717614
119 0.003824635575
120 0.003724026234
121 0.003647554232
122 0.003593466033
123 0.003560985974
124 0.003546667733
125 0.003550722448
126 0.003569860565
127 0.003603650344
128 0.003649519775
129 0.003707273136
130 0.003773976073
131 0.003849637018
132 0.00393289066
133 0.004020972881
134 0.004116299632
135 0.00421357175
136 0.004316147462
137 0.00441954628
138 0.004527162424
